,chestcircumference,waistcircumference,weightkg,stature
0,1074,933,815,1776
1,1021,870,726,1702
2,1120,964,929,1735
3,1114,857,794,1655
4,1048,868,946,1914
5,1066,950,802,1720
6,1208,1073,1162,1810
7,1087,1010,954,1850
8,1181,1065,995,1777
9,964,824,702,1811
10,1117,994,882,1780
11,961,866,701,1733
12,1151,986,1037,1814
13,1231,1045,1116,1861
14,1060,1007,896,1709
15,1092,1033,924,1740
16,1085,908,779,1694
17,1118,1028,969,1766
18,999,874,760,1748
19,1127,999,908,1794
20,1000,837,714,1780
21,977,880,746,1680
22,1079,978,792,1653
23,1011,827,915,1959
24,1098,1030,965,1755
25,957,885,675,1630
26,1158,1130,1073,1825
27,964,912,793,1795
28,971,864,782,1745
29,1057,965,882,1818
30,957,777,715,1881
31,1108,1063,947,1760
32,947,870,665,1675
33,1043,966,879,1852
34,965,806,675,1785
35,1174,1096,884,1791
36,951,895,695,1685
37,1182,1214,1218,1850
38,981,790,719,1737
39,1086,1002,881,1743
40,865,748,575,1744
41,1205,1043,876,1679
42,1013,864,850,1836
43,1152,969,865,1730
44,1096,1095,958,1762
45,957,770,667,1669
46,985,840,706,1740
47,1063,1028,847,1709
48,1137,1021,1013,1879
49,1106,1061,856,1674
50,1166,1139,1095,1779
51,1081,922,834,1844
52,1006,995,727,1637
53,1153,1047,986,1754
54,1037,885,773,1704
55,1469,1379,1400,1840
56,901,750,674,1783
57,1071,970,884,1748
58,1263,1068,988,1703
59,1146,1012,952,1852
60,858,754,566,1609
61,1044,926,717,1709
62,904,827,717,1835
63,1033,940,802,1679
64,1160,1133,988,1742
65,971,843,662,1698
66,1050,1021,807,1671
67,1213,1061,1053,1850
68,944,786,683,1754
69,989,855,749,1619
70,975,830,738,1772
71,939,743,604,1705
72,1091,967,774,1619
73,983,922,768,1726
74,1129,1120,1022,1840
75,1205,1060,963,1743
76,1123,1030,923,1674
77,1129,974,988,1750
78,1048,844,887,1819
79,1063,969,987,1799
80,1098,1010,852,1750
81,972,892,748,1723
82,1127,1032,920,1809
83,963,851,744,1791
84,1098,979,823,1723
85,953,857,627,1578
86,1024,979,778,1718
87,1043,984,882,1799
88,902,721,590,1740
89,1008,885,730,1702
90,1027,961,864,1737
91,1044,996,866,1730
92,917,838,737,1785
93,917,752,654,1817
94,924,775,696,1843
95,994,809,775,1791
96,1001,862,727,1657
97,1069,1027,797,1701
98,995,797,744,1786
99,1104,1082,968,1755
100,1045,942,866,1791
101,1015,871,742,1759
102,1109,912,920,1790
103,991,873,814,1782
104,844,785,646,1839
105,1176,1023,954,1880
106,1085,924,853,1738
107,1085,1001,900,1734
108,1021,901,835,1819
109,1096,958,851,1683
110,1063,972,897,1815
111,1030,939,872,1815
112,1106,1003,822,1673
113,1163,1139,1112,1831
114,1089,1162,987,1795
115,1149,1111,1105,1845
116,1041,900,782,1687
117,1056,998,869,1756
118,1358,1330,1413,1846
119,1025,897,789,1657
120,1000,911,690,1632
121,1026,861,792,1735
122,989,920,699,1726
123,1251,1192,1212,1877
124,1030,1012,878,1887
125,970,845,706,1765
126,1035,843,822,1793
127,1076,910,992,1849
128,1038,879,760,1811
129,1113,1031,988,1739
130,1011,929,759,1668
131,1024,994,898,1788
132,997,815,782,1746
133,1057,983,831,1750
134,1082,1004,996,1810
135,1002,825,742,1710
136,1132,1077,968,1847
137,1123,952,916,1811
138,1175,1047,1080,1780
139,1021,851,788,1740
140,1115,920,949,1797
141,1112,934,906,1755
142,1165,1114,1069,1842
143,1056,967,874,1656
144,1048,1007,879,1776
145,1137,1109,1154,1859
146,1041,827,790,1685
147,1027,947,887,1775
148,1021,881,866,1825
149,1001,833,806,1931
150,1126,963,966,1789
151,1225,1100,1099,1819
152,1070,852,771,1782
153,1102,941,951,1721
154,1194,1026,1118,1910
155,1097,978,895,1804
156,1208,1150,1060,1782
157,1116,935,951,1777
158,995,923,721,1665
159,1092,973,872,1803
160,1079,908,978,1879
161,1179,1111,974,1733
162,1084,1031,958,1835
163,1150,1164,1123,1792
164,1098,1006,900,1721
165,1142,1018,948,1711
166,1071,992,950,1809
167,1021,908,739,1664
168,1241,1053,1036,1807
169,1027,912,777,1705
170,1167,1049,1080,1955
171,1082,917,840,1730
172,1139,1066,964,1774
173,947,848,707,1724
174,948,759,705,1705
175,1058,959,851,1838
176,1102,970,865,1706
177,1179,1068,972,1809
178,1028,972,822,1773
179,1048,993,842,1734
180,969,898,723,1748
181,1125,964,896,1651
182,1049,881,755,1724
183,957,821,732,1860
184,913,801,701,1715
185,995,845,783,1757
186,1237,1134,1164,1916
187,1018,877,799,1847
188,1059,951,908,1855
189,907,867,677,1718
190,1063,1029,858,1641
191,1017,879,852,1833
192,1130,1015,1033,1784
193,1156,1034,1034,1770
194,978,844,725,1702
195,963,797,711,1800
196,965,892,678,1715
197,956,865,782,1842
198,1080,1031,909,1710
199,1078,912,840,1753
200,1158,1086,1086,1935
201,1013,914,758,1738
202,1037,923,833,1770
203,1039,918,870,1720
204,985,831,728,1673
205,1285,1182,1109,1715
206,1082,1054,945,1822
207,1157,1118,1141,1913
208,1049,963,907,1756
209,1063,877,846,1735
210,1061,912,818,1726
211,1120,973,869,1716
212,913,818,682,1717
213,941,783,680,1718
214,1151,1015,947,1747
215,810,694,474,1567
216,1163,1121,1158,1894
217,972,870,729,1738
218,1091,1015,1078,1862
219,846,738,540,1654
220,1092,1032,854,1637
221,1071,979,871,1738
222,1172,1017,1071,1813
223,1035,883,791,1738
224,1203,1068,1096,1815
225,1212,1179,1150,1736
226,1047,993,866,1689
227,977,880,756,1740
228,1014,977,834,1782
229,1041,925,812,1784
230,1082,1010,845,1647
231,1166,1004,941,1740
232,967,744,644,1664
233,1171,1045,1124,1805
234,1078,936,907,1745
235,963,755,718,1605
236,1101,997,971,1830
237,1053,913,813,1810
238,1027,921,755,1731
239,972,899,797,1845
240,915,734,648,1775
241,1142,1124,1079,1795
242,1081,976,874,1664
243,1108,1084,982,1752
244,1069,1026,893,1814
245,1140,1078,1087,1836
246,1018,972,775,1628
247,1096,903,801,1640
248,1127,928,874,1728
249,907,779,568,1606
250,1241,1149,1174,1861
251,1092,992,863,1761
252,1178,989,970,1754
253,1031,933,779,1741
254,872,744,556,1657
255,884,714,533,1660
256,1121,1147,933,1678
257,1063,976,866,1735
258,1242,1077,1096,1750
259,949,835,676,1701
260,953,797,718,1742
261,1106,969,916,1818
262,1094,918,871,1785
263,954,776,701,1666
264,1242,1124,1115,1781
265,1166,1146,1084,1802
266,904,797,637,1669
267,1071,1032,964,1837
268,1182,1005,1054,1881
269,1052,921,887,1782
270,1162,1132,1145,1900
271,1069,988,890,1755
272,957,797,688,1730
273,1020,897,710,1624
274,1198,1145,1021,1755
275,1079,1003,784,1703
276,1172,1175,1105,1762
277,1008,987,819,1720
278,1168,1043,871,1711
279,1027,842,869,1927
280,1068,915,775,1784
281,1139,1076,1098,1835
282,1076,968,965,1823
283,1045,822,674,1640
284,1231,1108,1026,1704
285,913,719,601,1730
286,960,869,676,1656
287,1043,931,867,1668
288,1089,939,826,1635
289,1019,884,862,1861
290,1097,912,821,1667
291,963,812,675,1760
292,1074,957,860,1752
293,1069,1008,954,1886
294,1168,1121,970,1729
295,1087,946,895,1790
296,1173,1029,1016,1745
297,1002,913,758,1677
298,1022,828,715,1725
299,1076,972,884,1748
300,820,694,459,1610
301,1030,872,756,1705
302,1131,1010,995,1833
303,1183,1141,1138,1820
304,999,908,840,1776
305,1115,1091,1114,1791
306,1072,948,902,1970
307,1063,944,924,1814
308,1099,1012,860,1782
309,1043,893,842,1717
310,1113,992,939,1860
311,1121,939,921,1763
312,1015,912,724,1624
313,1011,942,886,1723
314,1058,848,753,1674
315,1034,877,857,1744
316,1138,1086,980,1748
317,937,902,744,1805
318,953,826,680,1775
319,976,815,677,1730
320,1008,919,735,1740
321,893,766,649,1752
322,1024,978,766,1673
323,1029,892,860,1850
324,1066,904,809,1802
325,1011,952,801,1727
326,988,911,773,1717
327,1068,903,880,1672
328,1065,904,905,1850
329,962,908,866,1958
330,1094,958,845,1708
331,1228,1104,1203,1923
332,979,891,769,1684
333,1094,1106,995,1762
334,1201,1120,1054,1869
335,1054,995,872,1768
336,1080,922,750,1668
337,1123,1060,865,1658
338,1106,1045,962,1823
339,937,823,727,1856
340,962,884,785,1792
341,992,865,752,1709
342,998,817,744,1775
343,1056,952,818,1712
344,1131,958,873,1769
345,969,747,697,1651
346,1000,884,824,1770
347,1145,953,999,1928
348,1118,929,867,1751
349,1020,913,725,1597
350,953,852,728,1820
351,946,803,715,1821
352,1324,1251,1274,1813
353,1088,977,961,1826
354,1200,1149,1018,1675
355,1124,976,869,1722
356,1067,913,840,1718
357,1053,958,834,1726
358,999,917,733,1767
359,987,930,735,1701
360,998,896,766,1744
361,1027,847,858,1680
362,915,776,560,1581
363,1043,917,754,1731
364,1105,996,941,1825
365,1209,1046,920,1635
366,1098,989,905,1736
367,1156,1105,1021,1692
368,933,785,650,1665
369,1109,955,977,1856
370,1202,1043,1130,1874
371,1121,978,894,1672
372,990,803,763,1807
373,1256,1157,1241,1892
374,1042,900,876,1795
375,925,757,689,1798
376,929,810,736,1721
377,1026,809,759,1687
378,996,788,702,1745
379,1146,1067,1018,1836
380,1071,999,887,1751
381,1219,1196,1266,1856
382,1099,952,842,1702
383,998,799,699,1717
384,957,789,713,1759
385,1202,1095,1099,1789
386,1164,1029,1042,1838
387,922,772,633,1639
388,1096,1017,921,1674
389,1137,1023,955,1745
390,994,817,709,1662
391,1016,877,773,1674
392,1005,926,781,1688
393,1150,1149,1017,1744
394,1124,1030,1028,1773
395,1093,870,910,1835
396,1018,884,787,1736
397,1020,955,781,1668
398,1138,1042,931,1791
399,1012,924,793,1816
400,1023,944,812,1781
401,911,759,621,1759
402,1037,897,758,1673
403,1006,852,745,1734
404,1092,1001,819,1640
405,972,897,714,1663
406,1095,951,865,1646
407,1233,1093,1091,1810
408,1033,931,780,1701
409,1078,938,942,1850
410,1071,884,832,1764
411,1029,948,838,1863
412,1145,1078,987,1764
413,1132,1034,958,1811
414,1035,969,962,1795
415,872,747,545,1583
416,1003,878,777,1768
417,1077,872,819,1886
418,1110,1054,885,1681
419,1031,914,791,1698
420,1117,1012,868,1708
421,1153,1059,854,1642
422,1097,1046,1008,1789
423,1078,1042,807,1664
424,1142,1047,1021,1880
425,1143,1030,922,1740
426,946,835,656,1710
427,1046,975,864,1738
428,1027,911,812,1777
429,1006,945,709,1613
430,1139,1036,870,1649
431,976,780,780,1786
432,1004,909,734,1730
433,1033,929,819,1763
434,902,723,618,1768
435,967,809,732,1834
436,968,769,682,1767
437,1021,955,910,1844
438,990,799,795,1859
439,1061,933,859,1740
440,941,808,694,1704
441,1240,1070,1075,1807
442,942,753,657,1718
443,958,803,690,1750
444,998,863,700,1716
445,1093,878,842,1770
446,1073,850,949,1865
447,915,815,715,1759
448,1115,884,1010,1926
449,934,826,700,1705
450,1016,975,825,1781
451,1018,865,810,1766
452,1029,895,807,1814
453,986,848,819,1830
454,933,804,684,1738
455,1010,918,904,1868
456,1086,1060,906,1668
457,1144,1075,1094,1853
458,1067,1009,774,1571
459,1098,1022,904,1723
460,1163,999,992,1829
461,1057,932,777,1696
462,917,741,628,1727
463,996,879,791,1785
464,942,801,662,1698
465,1034,973,868,1845
466,1021,880,768,1772
467,1093,1029,856,1714
468,1191,1004,942,1772
469,1007,865,799,1747
470,1034,990,856,1743
471,1068,988,899,1766
472,1327,1183,1204,1800
473,1000,820,744,1784
474,1119,806,809,1773
475,1002,844,732,1727
476,992,917,778,1719
477,875,725,603,1801
478,993,839,724,1781
479,1051,986,830,1713
480,987,855,784,1749
481,1018,877,663,1619
482,1070,969,760,1658
483,1044,930,937,1822
484,1052,996,931,1730
485,1067,923,756,1661
486,1048,872,833,1858
487,1007,858,757,1765
488,1122,947,1008,1952
489,1213,1081,1042,1800
490,946,793,692,1708
491,1144,1002,910,1749
492,1113,1012,861,1649
493,1097,970,835,1705
494,1114,999,994,1836
495,942,779,645,1825
496,964,715,613,1653
497,983,865,708,1720
498,1124,1026,889,1708
499,1057,990,836,1725
500,1254,1130,1180,1835
501,1034,975,859,1728
502,1100,953,892,1748
503,978,830,751,1805
504,1071,917,778,1735
505,1064,950,831,1687
506,1005,880,749,1710
507,894,715,630,1786
508,1058,891,880,1751
509,998,848,722,1750
510,893,767,621,1758
511,1012,860,750,1785
512,1099,1069,969,1763
513,1125,971,854,1708
514,1080,981,907,1763
515,1122,949,858,1750
516,1079,1055,866,1710
517,1115,980,927,1803
518,1137,1009,910,1725
519,1144,1018,942,1817
520,1008,947,736,1723
521,1002,899,666,1598
522,986,805,784,1717
523,1272,1189,1208,1737
524,1128,1127,999,1814
525,1097,951,804,1721
526,1087,1003,951,1818
527,1081,946,880,1735
528,1036,864,757,1760
529,1074,939,819,1793
530,1174,1051,972,1722
531,1153,1010,945,1850
532,1133,947,912,1719
533,1003,784,761,1740
534,1114,1007,902,1731
535,1044,873,813,1842
536,1106,1056,1066,1800
537,1011,918,782,1710
538,1116,1031,1018,1803
539,1003,867,818,1800
540,1116,919,847,1744
541,1200,997,1005,1735
542,1090,1070,925,1706
543,934,797,651,1687
544,1083,938,867,1803
545,1054,845,867,1897
546,1068,945,914,1768
547,1003,977,771,1652
548,932,753,635,1749
549,1071,1002,872,1772
550,1107,1000,894,1788
551,1028,881,866,1833
552,1024,907,829,1760
553,968,800,607,1662
554,1161,1039,1029,1899
555,999,816,681,1700
556,1028,897,889,1923
557,986,815,716,1782
558,1059,961,816,1773
559,1121,1022,885,1779
560,1105,1000,863,1718
561,1073,1025,942,1744
562,1154,1007,958,1761
563,941,777,625,1722
564,914,845,772,1814
565,947,799,722,1786
566,1180,1098,975,1659
567,1043,956,879,1711
568,1199,1134,1071,1647
569,996,926,872,1710
570,1010,815,742,1805
571,914,789,649,1671
572,981,811,654,1735
573,1057,958,871,1758
574,1106,996,942,1804
575,1055,983,837,1731
576,993,803,745,1779
577,1140,1038,1087,1852
578,1172,1078,1019,1725
579,1158,1035,906,1768
580,1084,999,831,1709
581,1094,1020,862,1740
582,1150,1088,1014,1836
583,1122,1014,926,1747
584,1038,836,808,1725
585,1153,1080,972,1745
586,1067,1006,823,1736
587,947,779,659,1825
588,1049,950,878,1742
589,1043,925,918,1793
590,1232,1214,1114,1747
591,956,801,740,1743
592,1076,972,949,1832
593,947,772,698,1708
594,1096,988,968,1802
595,1089,976,883,1757
596,1083,983,982,1861
597,1010,859,793,1800
598,1139,1063,918,1708
599,1079,1031,900,1774
600,1174,1051,1009,1723
601,899,748,625,1828
602,1203,1136,1161,1808
603,1009,775,683,1683
604,961,740,652,1736
605,1077,915,808,1722
606,1163,1051,1034,1761
607,1179,1207,1077,1814
608,1016,802,737,1815
609,1163,1116,959,1800
610,1053,1042,867,1822
611,1050,918,776,1654
612,1105,1124,927,1621
613,997,912,783,1716
614,1103,1072,862,1644
615,1098,1042,960,1682
616,912,756,609,1651
617,1181,1003,904,1704
618,1031,886,803,1784
619,1067,911,750,1640
620,968,815,708,1688
621,1033,891,803,1795
622,909,765,681,1839
623,1111,1041,840,1710
624,1106,1054,929,1730
625,1183,1152,975,1669
626,1208,1107,1108,1782
627,1010,908,801,1745
628,1147,1018,866,1655
629,1135,995,979,1803
630,1309,1358,1164,1735
631,1177,1067,977,1729
632,981,845,793,1738
633,1097,934,855,1780
634,1016,901,818,1836
635,1100,1091,921,1722
636,1227,1100,1140,1907
637,1156,1013,882,1639
638,1019,895,878,1784
639,1131,972,874,1657
640,957,932,734,1743
641,1174,1050,999,1763
642,1121,1047,902,1688
643,1060,975,882,1751
644,1102,969,857,1808
645,1033,999,862,1818
646,1075,1002,841,1670
647,1131,1071,1084,1893
648,1068,890,816,1802
649,1148,1071,914,1697
650,1099,1056,930,1722
651,1107,1021,897,1745
652,1176,1104,982,1729
653,1062,962,829,1740
654,1036,886,771,1674
655,1100,1000,903,1742
656,1092,1013,880,1777
657,1158,1112,1043,1780
658,939,826,633,1600
659,1142,1049,973,1707
660,1050,970,797,1781
661,973,820,720,1765
662,927,778,659,1784
663,1257,1165,1247,1808
664,1075,960,821,1702
665,1010,883,759,1777
666,1029,888,774,1728
667,1063,882,775,1746
668,953,875,785,1717
669,1008,821,753,1809
670,1036,902,872,1742
671,1018,954,918,1946
672,1047,963,900,1787
673,1048,943,825,1825
674,1034,851,877,1915
675,1011,907,860,1831
676,1106,992,932,1798
677,951,767,699,1770
678,964,835,723,1733
679,1011,851,704,1706
680,967,864,837,1802
681,988,887,795,1707
682,1277,1287,1222,1736
683,1120,1124,974,1787
684,997,846,684,1613
685,872,813,584,1638
686,1108,1070,961,1779
687,953,735,666,1770
688,1086,1015,938,1734
689,1090,895,776,1712
690,1038,932,903,1817
691,942,762,601,1618
692,1022,884,732,1673
693,1213,1070,1026,1745
694,922,739,675,1836
695,977,836,738,1722
696,1168,1080,941,1718
697,948,816,759,1824
698,1007,904,887,1941
699,977,756,650,1883
700,990,808,742,1838
701,975,845,756,1772
702,1161,1075,1095,1797
703,930,853,669,1699
704,1213,1073,1045,1700
705,1061,1018,817,1707
706,1008,846,874,1818
707,1015,856,691,1708
708,1004,883,836,1787
709,944,889,678,1750
710,1083,985,950,1742
711,1201,1086,915,1623
712,1064,893,824,1771
713,1011,911,816,1724
714,1095,929,996,1951
715,964,770,705,1729
716,953,751,596,1719
717,1052,970,899,1723
718,1070,985,822,1694
719,1041,958,799,1691
720,1013,846,786,1733
721,1088,952,766,1677
722,968,775,667,1758
723,1301,1168,1209,1899
724,1009,915,778,1761
725,1023,913,744,1716
726,1136,1021,931,1741
727,1147,995,882,1774
728,1037,1016,846,1714
729,1131,1027,961,1745
730,1192,1080,1014,1754
731,1111,958,854,1727
732,1117,1028,905,1774
733,1153,1097,990,1756
734,1093,914,822,1756
735,1063,1032,876,1774
736,1112,1040,860,1681
737,1150,984,858,1702
738,1158,967,909,1735
739,1158,1024,998,1744
740,1073,1004,917,1732
741,1084,908,788,1711
742,1010,874,697,1635
743,1069,901,806,1706
744,1056,924,861,1771
745,1217,1100,1082,1792
746,1133,983,949,1831
747,1135,995,993,1852
748,1184,1074,995,1821
749,1186,1091,1018,1754
750,1067,970,739,1684
751,1121,1015,901,1709
752,1114,934,971,1826
753,1105,960,897,1795
754,1028,910,780,1782
755,1158,1121,991,1769
756,1097,986,872,1745
757,1115,974,946,1803
758,1120,1036,909,1735
759,990,887,717,1785
760,1025,960,732,1661
761,1191,1021,1075,1784
762,1054,925,813,1773
763,1165,1048,949,1790
764,1080,972,846,1725
765,1010,909,795,1830
766,1089,917,844,1699
767,983,874,747,1773
768,1068,972,736,1690
769,1067,955,862,1774
770,1092,914,784,1734
771,1099,996,1014,1804
772,1003,868,716,1655
773,991,855,796,1765
774,1137,1023,945,1781
775,1058,947,858,1871
776,1152,1017,867,1566
777,1067,991,871,1782
778,1181,975,952,1737
779,988,939,800,1750
780,1113,993,1054,1904
781,1103,963,848,1785
782,1160,975,895,1763
783,1069,955,817,1735
784,1122,1006,903,1727
785,1224,1133,1223,1903
786,1086,993,925,1788
787,1217,1083,1056,1821
788,1233,1126,914,1647
789,1121,1027,963,1873
790,1050,828,791,1756
791,1157,974,1083,1794
792,1151,1069,974,1732
793,1097,981,846,1678
794,1137,1038,1074,1806
795,1090,1016,759,1611
796,1184,1098,1129,1890
797,1048,934,933,1783
798,1143,1070,1040,1857
799,1061,1001,914,1774
800,1161,1072,1107,1843
801,1153,962,959,1729
802,1087,991,1064,1940
803,1020,933,788,1721
804,1037,999,900,1828
805,1113,1028,903,1762
806,1064,927,809,1715
807,1093,1012,872,1783
808,1102,1010,893,1707
809,1109,1022,934,1812
810,1106,891,888,1860
811,1086,904,891,1768
812,1063,922,954,1761
813,1129,1039,958,1722
814,1037,927,812,1789
815,1207,1130,1024,1780
816,1073,999,846,1768
817,1136,920,893,1659
818,1042,944,784,1733
819,1125,1038,1014,1924
820,1047,948,801,1698
821,1150,1060,1003,1791
822,1048,933,871,1800
823,1146,985,928,1848
824,1090,895,809,1747
825,1196,1130,1171,1905
826,1078,931,882,1671
827,1012,919,749,1669
828,1127,1025,957,1810
829,990,903,881,1865
830,956,909,710,1801
831,1053,961,788,1707
832,1059,983,844,1707
833,1103,1027,895,1715
834,1077,1022,931,1803
835,1117,962,904,1717
836,1183,1082,1061,1823
837,1049,970,858,1768
838,1147,1065,858,1622
839,1059,896,909,1780
840,1130,984,939,1716
841,1193,1082,1097,1778
842,977,827,669,1704
843,1072,913,856,1783
844,1098,1010,964,1775
845,951,816,759,1749
846,1027,944,818,1794
847,1090,1011,885,1724
848,1163,1058,1046,1831
849,1045,954,905,1867
850,1056,985,856,1794
851,1078,954,893,1777
852,1022,935,827,1771
853,1165,1143,1012,1805
854,1040,970,832,1739
855,1142,1068,942,1733
856,1226,1044,966,1694
857,1126,1044,1036,1821
858,1044,888,788,1765
859,1094,893,873,1779
860,1118,948,926,1802
861,1026,952,846,1783
862,1060,924,878,1853
863,1084,992,808,1744
864,1099,994,816,1709
865,1054,991,895,1855
866,1070,928,882,1765
867,1101,977,890,1764
868,1103,1052,1015,1807
869,1009,921,895,1775
870,1015,889,795,1760
871,1117,1020,915,1851
872,1033,931,734,1734
873,1206,1138,1087,1781
874,1113,1063,959,1758
875,1069,932,743,1635
876,1048,972,837,1745
877,1038,941,791,1740
878,1125,1001,851,1739
879,1028,905,802,1774
880,1140,1079,958,1802
881,1043,900,828,1728
882,1022,961,779,1710
883,1077,915,833,1735
884,879,720,578,1671
885,1178,1060,1055,1791
886,1076,980,898,1794
887,1114,958,937,1853
888,1143,1054,887,1712
889,1057,914,797,1777
890,1149,1021,1001,1815
891,978,861,827,1859
892,1076,1046,771,1609
893,1089,981,844,1660
894,1160,1050,953,1863
895,1012,947,779,1819
896,961,930,713,1726
897,1186,1094,1064,1717
898,1137,1099,944,1762
899,999,908,810,1782
900,1027,952,808,1782
901,1076,922,826,1734
902,997,966,663,1528
903,1007,823,725,1750
904,1003,920,766,1793
905,1027,956,766,1706
906,1143,1051,1047,1794
907,1009,878,727,1778
908,1052,976,797,1700
909,1272,1013,950,1689
910,1094,969,874,1659
911,1134,996,914,1653
912,1135,1041,852,1647
913,983,838,782,1794
914,1073,947,762,1681
915,1125,1043,908,1700
916,1021,851,767,1755
917,1042,1004,859,1710
918,1148,1043,1067,1845
919,1092,982,849,1696
920,922,840,700,1792
921,899,827,657,1735
922,1087,951,845,1677
923,1166,1047,987,1767
924,1047,1001,857,1751
925,1148,1086,1045,1769
926,1051,1059,893,1736
927,1132,978,1032,1873
928,1069,957,894,1743
929,907,773,666,1775
930,1163,936,890,1717
931,1243,1112,1056,1706
932,1074,941,843,1761
933,993,867,746,1660
934,940,766,597,1665
935,1024,946,826,1773
936,1151,951,907,1735
937,1133,930,877,1723
938,1017,822,685,1693
939,1027,908,767,1728
940,1219,1082,1081,1809
941,1043,898,772,1671
942,1042,909,829,1775
943,1051,1010,857,1727
944,1009,860,691,1675
945,1072,938,806,1697
946,1011,875,737,1760
947,1023,836,775,1766
948,1152,1155,1006,1707
949,1036,1007,860,1798
950,872,778,597,1682
951,1167,1129,979,1747
952,995,880,897,1966
953,1168,1034,1016,1737
954,1213,1036,1119,1863
955,949,815,711,1857
956,1157,1008,1057,1849
957,1035,924,828,1836
958,1037,939,851,1730
959,1099,1030,1047,1950
960,1038,909,781,1637
961,1066,995,984,1796
962,1048,876,761,1692
963,1003,933,764,1624
964,1137,1105,970,1620
965,1142,997,868,1686
966,1046,955,801,1744
967,1067,1026,861,1713
968,1096,958,794,1750
969,1167,1115,1051,1788
970,1026,838,848,1830
971,964,801,630,1711
972,1317,1263,1344,1841
973,1136,1008,974,1784
974,967,855,804,1915
975,1015,943,838,1835
976,1242,1211,1262,1905
977,1214,1139,1156,1817
978,1168,1119,1053,1847
979,928,818,678,1724
980,1144,1022,957,1782
981,976,793,703,1717
982,890,777,657,1781
983,1072,967,895,1833
984,1008,830,758,1741
985,1072,1027,906,1824
986,937,821,720,1766
987,1106,1150,1048,1821
988,1201,1206,1161,1798
989,1052,898,866,1832
990,922,761,601,1685
991,1164,1159,1120,1788
992,979,898,762,1765
993,1299,1159,1278,1818
994,855,709,529,1687
995,1121,1005,918,1751
996,1002,876,830,1778
997,1213,1042,1053,1809
998,1100,1022,899,1787
999,1047,934,849,1844
1000,1106,917,823,1790
1001,952,800,659,1693
1002,1045,972,788,1734
1003,996,859,787,1834
1004,1077,977,954,1830
1005,1129,993,970,1842
1006,1154,1048,1052,1876
1007,993,841,649,1665
1008,1219,1034,1024,1890
1009,1006,942,774,1737
1010,1116,872,891,1856
1011,962,808,701,1827
1012,1145,1047,953,1772
1013,1189,1124,1029,1725
1014,931,856,717,1741
1015,1143,1106,1134,1924
1016,1108,945,924,1852
1017,1133,1037,975,1833
1018,1015,889,754,1648
1019,991,931,826,1733
1020,1121,1023,931,1681
1021,1153,1184,1112,1745
1022,1062,876,808,1700
1023,1053,835,811,1689
1024,1069,990,962,1803
1025,1098,1009,1003,1861
1026,1125,1089,999,1754
1027,1147,1066,1003,1817
1028,1046,958,773,1709
1029,1006,813,782,1802
1030,1064,868,956,1837
1031,897,757,660,1771
1032,1218,1108,1087,1879
1033,1159,1080,1107,1849
1034,1068,1054,935,1735
1035,1031,884,848,1807
1036,1116,1007,963,1791
1037,922,746,646,1700
1038,1063,1071,1026,1862
1039,1048,982,884,1727
1040,939,795,674,1684
1041,1018,961,823,1709
1042,978,830,730,1761
1043,1093,988,889,1725
1044,1026,897,771,1657
1045,920,790,699,1738
1046,993,855,831,1936
1047,1213,1116,1163,1869
1048,1124,1077,986,1834
1049,1255,1185,1325,1928
1050,1193,1055,1048,1831
1051,1026,961,824,1758
1052,943,782,650,1721
1053,1042,1008,961,1883
1054,1115,961,979,1811
1055,848,687,540,1700
1056,892,763,608,1664
1057,996,887,739,1733
1058,1114,1018,1044,1839
1059,774,648,393,1600
1060,1113,987,897,1771
1061,1182,1113,1258,1859
1062,988,809,816,1839
1063,993,846,734,1759
1064,1145,1008,875,1688
1065,1012,846,753,1792
1066,1052,880,819,1790
1067,1089,950,852,1773
1068,944,762,655,1765
1069,1144,956,997,1732
1070,1033,869,861,1810
1071,912,755,593,1728
1072,1174,1054,1019,1814
1073,1056,847,795,1772
1074,935,775,709,1750
1075,1011,796,783,1803
1076,951,803,727,1737
1077,1089,898,867,1839
1078,1083,1056,991,1880
1079,1055,878,828,1785
1080,1086,902,840,1794
1081,1009,883,823,1728
1082,971,866,708,1699
1083,954,757,670,1771
1084,980,853,703,1768
1085,1119,1025,902,1712
1086,912,813,600,1674
1087,1150,1015,910,1729
1088,1104,998,912,1746
1089,1097,1064,837,1609
1090,980,971,820,1797
1091,1215,1136,1155,1809
1092,890,731,579,1735
1093,1075,969,935,1718
1094,1084,879,864,1776
1095,926,753,558,1658
1096,1109,964,985,1856
1097,1161,1020,972,1704
1098,1058,882,934,1787
1099,1042,1005,857,1653
1100,1022,938,856,1853
1101,851,757,634,1779
1102,1118,1016,883,1759
1103,895,743,591,1738
1104,1197,971,958,1712
1105,957,842,698,1703
1106,977,902,742,1736
1107,1026,902,799,1720
1108,1195,1229,1099,1786
1109,1093,997,873,1711
1110,926,846,658,1724
1111,1106,908,983,1736
1112,922,778,638,1736
1113,1244,1356,1298,1810
1114,1003,909,746,1678
1115,1041,877,804,1746
1116,991,836,773,1736
1117,1154,1013,980,1774
1118,1001,864,796,1750
1119,1078,1004,1062,1880
1120,1056,933,790,1703
1121,1096,995,1001,1921
1122,1022,911,846,1826
1123,918,834,741,1822
1124,865,766,591,1679
1125,1059,924,822,1766
1126,912,758,643,1735
1127,1051,921,878,1812
1128,1012,894,799,1752
1129,1077,880,811,1653
1130,1191,1112,1096,1774
1131,958,798,689,1714
1132,1008,900,827,1764
1133,1031,914,883,1832
1134,1117,1001,898,1800
1135,1224,1155,1128,1704
1136,1182,1049,949,1799
1137,1023,813,765,1733
1138,1170,1113,1059,1775
1139,917,758,557,1650
1140,1082,1014,910,1688
1141,1113,1061,852,1682
1142,1099,1045,903,1715
1143,1116,1055,956,1691
1144,1157,956,875,1758
1145,1173,993,1046,1844
1146,1063,928,859,1820
1147,1057,910,784,1745
1148,970,833,748,1848
1149,1223,1067,1036,1768
1150,1065,902,828,1769
1151,1092,975,857,1818
1152,966,887,745,1673
1153,1090,965,871,1724
1154,1022,804,735,1722
1155,1035,940,783,1761
1156,1126,999,903,1761
1157,973,819,642,1693
1158,1020,947,824,1686
1159,992,867,690,1683
1160,1040,872,769,1688
1161,1079,956,881,1764
1162,1064,933,862,1802
1163,988,913,807,1881
1164,1213,1070,924,1682
1165,1104,1060,1015,1799
1166,1123,1111,1102,1841
1167,1011,897,771,1776
1168,1095,1038,995,1734
1169,946,766,635,1759
1170,1140,987,1056,1827
1171,1297,1068,1092,1835
1172,1042,855,731,1744
1173,1041,961,834,1772
1174,1008,835,737,1650
1175,1017,834,803,1745
1176,1028,857,832,1805
1177,936,798,661,1660
1178,1161,1012,1029,1824
1179,1178,1095,1081,1857
1180,1072,1023,1034,1790
1181,1068,937,813,1807
1182,979,840,696,1746
1183,1051,971,817,1676
1184,1049,963,919,1789
1185,1179,1222,1070,1785
1186,1137,1171,1061,1829
1187,958,894,755,1680
1188,1077,994,862,1764
1189,1061,1034,804,1682
1190,1115,1066,965,1764
1191,1052,1031,880,1730
1192,1194,1052,1053,1867
1193,1005,861,708,1673
1194,1312,1140,1254,1912
1195,1050,896,758,1734
1196,1117,1008,863,1670
1197,1017,832,761,1732
1198,1104,1089,947,1805
1199,967,796,683,1705
1200,1075,956,812,1689
1201,1054,966,854,1775
1202,1137,1050,974,1809
1203,1083,1055,968,1808
1204,962,859,717,1713
1205,1011,966,821,1748
1206,1188,1036,1008,1711
1207,1140,1054,1004,1822
1208,1038,968,855,1744
1209,1014,945,832,1867
1210,1190,1068,1114,1923
1211,1061,1014,814,1676
1212,1134,1001,881,1762
1213,1142,1065,919,1717
1214,1202,1194,1179,1751
1215,1176,1170,1035,1730
1216,1261,1182,1213,1759
1217,968,895,681,1681
1218,1170,1076,1051,1781
1219,961,804,658,1724
1220,1113,1012,956,1847
1221,1061,1022,867,1760
1222,1183,1114,1038,1785
1223,962,885,813,1805
1224,1157,1084,978,1781
1225,1062,1000,764,1661
1226,1143,1073,972,1760
1227,1122,991,934,1679
1228,1108,1035,962,1819
1229,1071,947,840,1719
1230,1108,981,895,1730
1231,1149,1051,919,1702
1232,1073,1023,929,1796
1233,1274,1137,1198,1818
1234,1046,889,752,1695
1235,1168,1002,954,1780
1236,1158,1074,1093,1848
1237,1151,1080,1057,1851
1238,1171,1132,1025,1666
1239,1059,1026,865,1768
1240,1129,1062,997,1790
1241,1209,1087,972,1702
1242,1194,1004,1137,1877
1243,1088,961,845,1780
1244,982,882,771,1752
1245,1044,1023,843,1776
1246,1052,1069,878,1674
1247,1171,1180,1019,1721
1248,1098,990,870,1717
1249,994,904,760,1705
1250,1081,1033,864,1693
1251,1102,1007,946,1768
1252,1187,1011,1011,1740
1253,1111,979,873,1780
1254,981,840,730,1803
1255,999,870,711,1785
1256,1176,1058,990,1776
1257,1160,1063,1001,1755
1258,959,962,701,1591
1259,1168,1153,1125,1860
1260,1008,829,699,1743
1261,1027,895,765,1744
1262,1155,1106,1007,1790
1263,1204,1101,1034,1799
1264,1166,1065,1032,1730
1265,941,838,656,1682
1266,1127,983,921,1735
1267,1251,1163,1052,1728
1268,968,826,632,1692
1269,941,782,671,1834
1270,1141,1039,1026,1853
1271,1150,1090,974,1722
1272,987,909,752,1740
1273,1090,1035,856,1707
1274,922,847,724,1771
1275,1053,981,874,1803
1276,1136,1046,995,1805
1277,1164,1025,946,1815
1278,1043,1067,1039,1882
1279,1088,989,932,1754
1280,1053,936,759,1668
1281,1064,886,853,1835
1282,1164,994,1032,1829
1283,1119,1104,1078,1827
1284,1055,1027,962,1785
1285,1142,1087,961,1715
1286,982,864,762,1827
1287,997,815,712,1796
1288,1082,924,786,1693
1289,1112,905,818,1713
1290,932,918,760,1823
1291,1109,1013,952,1842
1292,1053,974,764,1673
1293,1166,1108,1001,1771
1294,973,815,758,1729
1295,1117,1032,921,1833
1296,1076,925,845,1724
1297,1142,1000,928,1765
1298,1140,1014,913,1730
1299,1114,1009,966,1694
1300,1041,948,798,1668
1301,1152,885,915,1803
1302,1106,977,955,1814
1303,1213,1185,1146,1796
1304,1277,1146,1142,1811
1305,977,857,698,1771
1306,1062,993,951,1826
1307,1147,1168,1021,1785
1308,1090,953,836,1717
1309,1145,1142,1081,1781
1310,1071,990,845,1718
1311,1079,935,911,1797
1312,1130,1068,974,1817
1313,1137,965,909,1767
1314,1071,915,867,1822
1315,912,793,594,1665
1316,1042,984,892,1827
1317,1049,915,879,1791
1318,1108,1035,1007,1822
1319,1142,1041,1016,1820
1320,1153,1038,969,1766
1321,1206,1017,1047,1774
1322,1182,1032,1100,1814
1323,1261,1187,1192,1838
1324,984,939,809,1842
1325,1022,846,787,1781
1326,945,771,744,1893
1327,1302,1260,1256,1801
1328,1099,995,997,1894
1329,907,827,632,1607
1330,1077,935,829,1832
1331,1065,992,822,1725
1332,951,798,714,1842
1333,1130,1020,927,1738
1334,939,900,746,1792
1335,1228,1136,1083,1746
1336,1032,924,800,1780
1337,1118,1033,940,1780
1338,951,873,695,1767
1339,1207,1071,1105,1845
1340,1100,980,850,1719
1341,1207,1032,936,1730
1342,1026,828,841,1872
1343,1089,964,855,1797
1344,1277,1192,1183,1805
1345,1093,1050,847,1725
1346,1086,951,817,1664
1347,1075,910,850,1788
1348,987,907,789,1723
1349,1147,1105,1045,1821
1350,1048,905,804,1745
1351,1088,1004,899,1685
1352,979,842,727,1715
1353,1199,1107,1041,1775
1354,1117,979,908,1763
1355,1007,889,811,1745
1356,1027,900,710,1686
1357,1114,959,953,1740
1358,1102,900,840,1771
1359,907,800,646,1701
1360,1023,923,863,1847
1361,1076,1050,812,1668
1362,1112,1052,915,1721
1363,1251,1156,1108,1811
1364,977,836,710,1672
1365,1223,1095,1067,1770
1366,1133,1132,966,1722
1367,1283,1179,1158,1811
1368,1133,1057,968,1795
1369,1048,869,772,1690
1370,847,757,694,1927
1371,1034,912,817,1763
1372,993,917,793,1737
1373,1128,952,970,1805
1374,1009,900,813,1804
1375,1034,923,852,1798
1376,1232,1044,1139,1745
1377,1002,866,747,1694
1378,1054,981,972,1824
1379,1040,925,822,1739
1380,1143,997,963,1772
1381,1074,951,779,1864
1382,881,698,594,1670
1383,1076,897,847,1760
1384,925,885,691,1655
1385,1047,946,741,1696
1386,968,813,704,1761
1387,1113,984,877,1790
1388,1152,1066,964,1777
1389,1034,979,927,1780
1390,1053,960,946,1774
1391,1083,939,972,1785
1392,947,819,730,1783
1393,1059,1019,833,1698
1394,1095,1005,895,1706
1395,1089,1026,1052,1831
1396,1095,991,863,1705
1397,1119,902,926,1807
1398,977,814,716,1641
1399,1154,1040,1032,1906
1400,1064,973,870,1740
1401,1196,1262,1199,1814
1402,1142,1037,930,1885
1403,1037,855,733,1660
1404,1019,901,829,1813
1405,1182,1156,1028,1731
1406,1065,950,869,1790
1407,1134,1129,1015,1766
1408,1001,966,827,1742
1409,1082,1011,954,1781
1410,1104,989,940,1778
1411,904,800,598,1664
1412,1139,1013,889,1666
1413,973,879,734,1759
1414,1032,1008,799,1586
1415,923,775,657,1714
1416,961,884,779,1780
1417,1159,1035,995,1766
1418,998,822,664,1628
1419,1107,1023,910,1678
1420,1182,988,1013,1767
1421,1013,904,804,1723
1422,1011,945,815,1776
1423,1172,1083,1034,1756
1424,838,783,587,1685
1425,1018,954,809,1733
1426,1043,916,787,1740
1427,1098,1067,867,1679
1428,956,840,674,1667
1429,936,841,631,1680
1430,1047,1055,910,1758
1431,968,801,616,1643
1432,1216,1217,1121,1790
1433,1151,1194,1020,1798
1434,1141,1146,976,1703
1435,1020,990,838,1715
1436,1165,1135,1066,1861
1437,1121,1113,1029,1804
1438,1012,852,705,1720
1439,1165,1146,1083,1850
1440,862,784,575,1651
1441,967,840,808,1835
1442,1066,970,916,1784
1443,992,912,766,1864
1444,1372,1300,1429,1867
1445,1178,1067,943,1745
1446,1043,885,817,1717
1447,989,830,701,1735
1448,880,728,523,1603
1449,1031,911,775,1729
1450,939,822,687,1801
1451,942,846,703,1648
1452,1194,1181,1167,1823
1453,1026,857,620,1598
1454,1156,940,990,1774
1455,1134,952,1099,1870
1456,1157,1025,1012,1825
1457,1159,928,875,1792
1458,1048,894,778,1702
1459,1164,975,894,1773
1460,904,802,678,1765
1461,1043,885,818,1790
1462,1135,922,881,1821
1463,1172,1035,1047,1792
1464,1127,1080,1009,1865
1465,1165,984,956,1767
1466,928,795,689,1678
1467,1112,952,909,1728
1468,1207,1122,1159,1744
1469,1043,913,822,1730
1470,971,780,698,1800
1471,1018,834,846,1822
1472,889,803,656,1753
1473,1113,1037,892,1719
1474,914,775,659,1696
1475,950,862,662,1660
1476,1025,936,858,1819
1477,1069,873,867,1713
1478,1038,961,834,1718
1479,1139,1030,1009,1695
1480,993,944,796,1671
1481,993,867,804,1741
1482,1132,932,947,1759
1483,1032,890,826,1770
1484,1101,1011,995,1813
1485,1065,952,922,1737
1486,960,859,639,1542
1487,949,813,720,1797
1488,1017,887,771,1685
1489,1028,946,800,1700
1490,1098,944,782,1612
1491,940,862,734,1758
1492,1207,1185,1103,1666
1493,1168,1072,1054,1752
1494,1074,1015,851,1749
1495,1123,952,959,1824
1496,992,908,798,1767
1497,1042,864,843,1802
1498,1081,938,914,1817
1499,971,791,686,1772
1500,1083,880,889,1777
1501,1037,914,758,1715
1502,1000,805,777,1792
1503,1073,1029,986,1849
1504,1013,820,751,1750
1505,1021,923,809,1760
1506,1062,920,960,1938
1507,1104,1011,970,1849
1508,1101,952,846,1727
1509,991,945,819,1809
1510,1074,967,963,1840
1511,1107,1015,920,1785
1512,1032,892,827,1745
1513,994,866,811,1732
1514,1073,1034,878,1713
1515,896,761,579,1644
1516,1122,924,967,1786
1517,1076,987,982,1835
1518,1180,1034,1001,1763
1519,1014,933,784,1687
1520,1032,917,858,1855
1521,1097,1021,933,1720
1522,1061,812,675,1572
1523,977,800,668,1715
1524,975,883,802,1658
1525,1013,940,804,1720
1526,1072,992,925,1777
1527,1049,816,778,1638
1528,1147,1088,1057,1902
1529,1073,978,901,1793
1530,985,837,772,1799
1531,1113,904,904,1826
1532,1091,980,901,1830
1533,1157,1049,961,1755
1534,1143,962,1017,1865
1535,1038,966,897,1806
1536,1116,1073,916,1792
1537,1026,874,744,1777
1538,1039,815,828,1854
1539,1011,900,806,1819
1540,969,841,841,1810
1541,1002,946,794,1682
1542,1097,1087,992,1845
1543,1181,1079,1063,1852
1544,999,906,749,1691
1545,1011,907,804,1738
1546,1041,902,726,1711
1547,1010,899,756,1752
1548,1037,892,783,1729
1549,933,850,639,1640
1550,908,792,643,1670
1551,1034,934,846,1759
1552,1026,1074,920,1828
1553,1017,880,740,1651
1554,1112,1006,916,1785
1555,1161,1103,1051,1871
1556,1072,931,754,1694
1557,1146,1065,956,1785
1558,943,801,684,1706
1559,1006,962,726,1700
1560,1021,928,721,1597
1561,1096,964,962,1827
1562,929,766,650,1736
1563,1144,1022,967,1798
1564,1143,1061,975,1707
1565,1182,1051,992,1781
1566,1043,942,798,1700
1567,1111,1087,1017,1828
1568,1237,1136,1082,1714
1569,1119,1025,1077,1842
1570,1258,1136,1292,1909
1571,938,864,661,1726
1572,985,831,728,1726
1573,985,842,657,1670
1574,961,900,792,1900
1575,1046,947,781,1630
1576,1213,1137,1145,1779
1577,1203,1097,1151,1849
1578,1114,947,916,1796
1579,1158,1040,1044,1822
1580,952,748,664,1635
1581,1095,1026,884,1710
1582,1088,971,866,1703
1583,1086,976,912,1749
1584,1008,919,802,1742
1585,1046,910,796,1687
1586,968,906,717,1731
1587,1021,836,821,1931
1588,1116,1022,916,1775
1589,1025,895,809,1830
1590,1213,1080,997,1740
1591,1082,916,895,1847
1592,1143,1084,919,1647
1593,1121,975,963,1928
1594,975,847,820,1782
1595,919,808,719,1781
1596,1038,868,828,1761
1597,926,837,683,1728
1598,1036,960,828,1705
1599,877,774,628,1729
1600,1105,1004,894,1752
1601,1061,1077,928,1776
1602,948,701,555,1643
1603,990,892,618,1570
1604,1074,942,834,1725
1605,1018,800,806,1810
1606,1069,1064,955,1814
1607,1174,1109,1041,1744
1608,1141,1034,1012,1776
1609,1291,1308,1345,1819
1610,1131,1057,937,1715
1611,1000,844,751,1826
1612,1011,909,808,1763
1613,974,808,764,1842
1614,1192,1115,1027,1728
1615,1034,859,879,1827
1616,1046,990,874,1680
1617,1105,965,1008,1822
1618,1024,828,714,1614
1619,1005,832,702,1757
1620,1134,1002,927,1743
1621,1052,900,806,1777
1622,1171,1030,944,1775
1623,1019,895,857,1889
1624,943,788,638,1788
1625,1035,892,736,1657
1626,988,907,769,1713
1627,1197,1077,927,1685
1628,1128,994,937,1774
1629,1132,1032,940,1737
1630,1095,1037,1060,1790
1631,1054,842,799,1747
1632,1082,995,954,1877
1633,1267,1115,1103,1854
1634,1131,1014,974,1854
1635,1248,1142,1180,1799
1636,1032,905,760,1642
1637,1167,1082,997,1784
1638,1114,1016,918,1739
1639,1054,967,870,1730
1640,1096,915,873,1756
1641,1005,879,717,1757
1642,1170,1043,992,1768
1643,987,887,779,1688
1644,1257,1152,1193,1805
1645,1031,938,803,1725
1646,1058,963,916,1817
1647,1077,992,908,1879
1648,1095,999,861,1734
1649,1205,1097,1011,1788
1650,1035,865,769,1807
1651,912,791,630,1727
1652,1114,1073,984,1755
1653,1034,907,835,1872
1654,936,798,651,1717
1655,1223,1108,1115,1810
1656,1019,975,780,1703
1657,1059,992,891,1790
1658,1088,1040,920,1705
1659,998,857,741,1833
1660,1198,1197,1161,1829
1661,1023,961,902,1842
1662,989,879,710,1620
1663,944,770,704,1721
1664,932,763,653,1728
1665,922,789,646,1767
1666,1083,975,823,1697
1667,1008,862,655,1634
1668,1128,974,921,1772
1669,1013,804,741,1877
1670,1009,838,737,1782
1671,1197,986,1035,1800
1672,1054,890,811,1754
1673,1182,1125,1253,1910
1674,1109,963,821,1723
1675,1000,826,695,1651
1676,1257,1118,1176,1886
1677,1047,917,796,1668
1678,1023,939,761,1688
1679,995,799,701,1795
1680,1029,935,824,1744
1681,1123,1081,953,1693
1682,931,821,610,1678
1683,1088,1050,972,1740
1684,1113,1057,881,1723
1685,1026,874,749,1734
1686,1107,1056,998,1868
1687,1138,1047,939,1677
1688,1253,1062,1030,1678
1689,1260,1195,1194,1779
1690,1134,1048,886,1753
1691,1031,969,908,1829
1692,1116,1040,1040,1900
1693,1024,863,831,1816
1694,1243,1181,1240,1871
1695,1075,882,697,1702
1696,980,809,757,1754
1697,1190,1023,932,1659
1698,1017,848,735,1725
1699,1239,1136,1116,1717
1700,1119,984,920,1770
1701,939,820,700,1850
1702,1094,1002,906,1779
1703,1196,1023,1025,1849
1704,1219,1114,1099,1809
1705,1008,894,765,1710
1706,1146,1077,990,1715
1707,1016,880,780,1629
1708,1074,992,825,1674
1709,1147,1063,1028,1834
1710,1092,1014,958,1813
1711,1096,994,918,1769
1712,1260,1148,1127,1853
1713,976,859,781,1750
1714,906,790,634,1721
1715,1172,1081,998,1706
1716,947,781,647,1673
1717,949,810,690,1715
1718,1063,865,835,1770
1719,962,843,661,1682
1720,994,895,844,1782
1721,1026,914,839,1748
1722,1285,1265,1371,1895
1723,1023,990,888,1782
1724,952,868,647,1699
1725,931,852,719,1859
1726,1062,875,827,1763
1727,1058,961,903,1790
1728,1165,1055,1057,1799
1729,1204,1144,1162,1819
1730,1048,1006,860,1716
1731,1199,1049,963,1732
1732,1135,1108,1045,1823
1733,1108,1021,882,1641
1734,1037,877,874,1704
1735,1289,1147,1225,1890
1736,991,831,723,1653
1737,949,843,773,1803
1738,1072,1017,786,1683
1739,1085,965,972,1822
1740,1141,1016,1052,1812
1741,1063,875,855,1790
1742,1117,1051,982,1797
1743,922,790,694,1796
1744,1143,1050,968,1654
1745,1032,947,821,1714
1746,1029,994,910,1774
1747,1119,1058,940,1744
1748,1084,960,1041,1863
1749,1143,1060,996,1772
1750,1156,950,996,1788
1751,990,768,705,1709
1752,978,853,670,1692
1753,1128,1041,1073,1809
1754,1151,1030,961,1708
1755,887,731,599,1710
1756,1074,958,859,1746
1757,1114,1062,971,1798
1758,1085,1000,906,1765
1759,925,840,721,1772
1760,1142,1031,981,1842
1761,1116,956,886,1792
1762,993,768,689,1728
1763,1034,895,818,1825
1764,1153,1146,952,1732
1765,1069,907,882,1870
1766,1140,917,905,1649
1767,1106,1023,941,1701
1768,904,771,670,1800
1769,1054,973,848,1745
1770,1020,924,833,1654
1771,1005,918,861,1847
1772,1076,971,832,1735
1773,1038,932,848,1734
1774,1047,938,972,1942
1775,938,830,847,1919
1776,1078,1010,977,1742
1777,1275,1177,1195,1766
1778,936,733,585,1686
1779,1194,1013,1144,1890
1780,1127,1097,975,1751
1781,1022,867,775,1752
1782,1018,948,897,1847
1783,1117,1045,938,1774
1784,1237,1060,1106,1882
1785,1027,932,894,1794
1786,1082,1059,1011,1940
1787,1167,1162,1180,1911
1788,978,912,791,1788
1789,1241,1238,1273,1774
1790,1095,995,854,1660
1791,1079,932,768,1713
1792,1042,950,837,1767
1793,1028,975,859,1781
1794,1101,1113,940,1773
1795,1124,946,966,1804
1796,959,823,653,1702
1797,1006,862,773,1809
1798,1327,1211,1235,1797
1799,1011,855,842,1879
1800,1114,970,1012,1862
1801,1000,855,775,1767
1802,1167,1012,940,1771
1803,1088,1057,958,1748
1804,1062,974,760,1703
1805,1123,974,906,1743
1806,1090,1004,973,1798
1807,1226,1120,1129,1889
1808,1108,940,895,1792
1809,922,825,640,1741
1810,1031,881,745,1679
1811,1095,794,823,1803
1812,1067,1016,882,1702
1813,935,761,582,1707
1814,1169,1137,1026,1807
1815,1016,875,825,1774
1816,981,874,722,1774
1817,1104,988,896,1795
1818,908,687,572,1787
1819,1146,973,958,1743
1820,997,882,808,1835
1821,1032,908,824,1838
1822,977,832,761,1745
1823,1016,900,887,1798
1824,942,796,682,1720
1825,1232,1091,1025,1687
1826,1037,960,860,1844
1827,933,813,645,1693
1828,987,842,743,1674
1829,972,907,825,1786
1830,957,838,688,1740
1831,1057,978,889,1827
1832,1145,1110,1007,1783
1833,1023,956,846,1868
1834,1076,1036,892,1858
1835,986,917,773,1696
1836,1136,983,1005,1836
1837,1069,993,875,1721
1838,926,769,650,1767
1839,922,746,611,1769
1840,988,880,721,1638
1841,981,827,592,1572
1842,1224,1110,1186,1878
1843,886,771,613,1730
1844,1123,1016,901,1714
1845,1065,957,832,1722
1846,1126,912,895,1710
1847,906,785,670,1838
1848,1137,1075,1016,1830
1849,1018,910,833,1822
1850,1207,1056,1051,1836
1851,988,827,704,1720
1852,1064,963,836,1765
1853,936,797,682,1760
1854,985,843,775,1793
1855,1128,966,851,1725
1856,1008,875,817,1783
1857,1141,991,922,1832
1858,1094,1033,883,1774
1859,1043,995,761,1735
1860,1035,872,806,1773
1861,1100,960,918,1810
1862,1118,1065,888,1641
1863,962,812,686,1762
1864,941,781,720,1730
1865,1098,1064,920,1742
1866,968,767,698,1756
1867,993,1019,828,1713
1868,1092,1015,997,1769
1869,1039,841,880,1850
1870,1056,914,856,1802
1871,922,786,634,1753
1872,988,807,677,1694
1873,1027,899,842,1740
1874,981,812,658,1572
1875,1023,910,724,1696
1876,1064,967,903,1828
1877,1093,1010,863,1754
1878,1034,955,778,1682
1879,1020,948,801,1789
1880,1224,1122,1197,1890
1881,1077,973,897,1828
1882,958,857,763,1763
1883,939,840,753,1776
1884,1141,993,956,1738
1885,918,830,583,1657
1886,1112,1041,919,1758
1887,1005,829,813,1812
1888,1042,796,745,1691
1889,930,802,634,1737
1890,1000,938,821,1755
1891,866,742,565,1662
1892,1124,1037,945,1725
1893,1072,958,873,1817
1894,1107,1063,995,1807
1895,1131,942,926,1830
1896,923,773,694,1831
1897,892,729,578,1693
1898,1012,955,816,1792
1899,1021,861,875,1828
1900,1107,989,952,1747
1901,1061,960,900,1840
1902,1070,929,910,1828
1903,1280,1135,1258,1871
1904,1146,1088,1031,1750
1905,994,859,729,1763
1906,1108,1008,864,1687
1907,1146,1022,976,1805
1908,1029,871,765,1728
1909,1046,930,795,1659
1910,988,814,737,1690
1911,971,874,722,1769
1912,1018,894,841,1835
1913,1197,1194,1130,1777
1914,1148,1143,1110,1796
1915,1187,1119,1083,1824
1916,963,877,789,1819
1917,1011,926,812,1729
1918,1143,1116,1063,1803
1919,973,891,695,1735
1920,1127,1085,902,1794
1921,1249,1270,1189,1844
1922,1162,1171,1251,1890
1923,856,742,600,1689
1924,1285,1306,1337,1937
1925,1102,1030,1012,1822
1926,1041,1032,920,1742
1927,1108,1116,1044,1773
1928,1107,1041,884,1683
1929,1005,807,767,1822
1930,1170,1070,951,1763
1931,978,839,771,1708
1932,1088,989,819,1639
1933,1146,1046,970,1728
1934,997,851,734,1714
1935,1195,1059,1074,1853
1936,1154,1012,893,1700
1937,1063,960,801,1749
1938,1183,988,1020,1855
1939,1164,1082,951,1748
1940,861,745,587,1734
1941,1141,878,888,1767
1942,1056,984,921,1784
1943,1119,828,761,1754
1944,1060,996,802,1727
1945,1066,997,876,1706
1946,1172,1061,1052,1830
1947,1062,929,844,1733
1948,1076,933,931,1847
1949,1117,992,857,1676
1950,1025,940,846,1721
1951,990,848,749,1694
1952,946,819,756,1763
1953,1102,963,916,1779
1954,1034,948,892,1793
1955,1153,1080,1127,1948
1956,1141,1012,983,1875
1957,938,940,682,1694
1958,975,851,672,1696
1959,1141,1030,933,1743
1960,968,852,744,1835
1961,1136,992,889,1668
1962,1012,811,684,1687
1963,1091,960,869,1744
1964,1217,1123,1076,1712
1965,1106,1073,873,1570
1966,1022,885,830,1686
1967,1152,1120,1072,1900
1968,964,848,665,1687
1969,1202,1221,1160,1827
1970,1162,1091,974,1652
1971,918,787,699,1733
1972,1147,1041,1003,1889
1973,973,944,768,1722
1974,1118,1027,882,1758
1975,1161,1083,980,1717
1976,1115,1047,919,1717
1977,1068,1005,896,1763
1978,962,937,814,1815
1979,1122,1027,902,1735
1980,1107,1128,1046,1794
1981,989,790,639,1568
1982,966,796,633,1711
1983,1217,1160,1082,1743
1984,995,834,752,1723
1985,1080,1003,925,1809
1986,1023,859,830,1830
1987,1108,925,822,1760
1988,980,855,737,1714
1989,1093,1057,927,1710
1990,1057,1000,890,1731
1991,939,812,662,1724
1992,914,795,616,1638
1993,1083,991,851,1649
1994,1182,1116,1028,1768
1995,1146,1025,990,1818
1996,1213,1102,1074,1840
1997,1216,1180,1122,1727
1998,1031,895,805,1742
1999,968,811,691,1700
2000,1074,978,842,1722
2001,1066,963,849,1809
2002,1002,800,664,1695
2003,913,692,585,1649
2004,1046,1010,809,1719
2005,1081,921,871,1731
2006,1284,1222,1189,1773
2007,1194,1086,1029,1770
2008,1158,1075,1026,1773
2009,1086,1011,940,1763
2010,1103,996,944,1814
2011,1037,890,856,1805
2012,1147,1016,1000,1838
2013,1047,970,883,1884
2014,1164,1066,1005,1811
2015,1139,1115,938,1669
2016,1022,918,804,1787
2017,1020,930,867,1780
2018,1209,1075,1063,1732
2019,932,835,705,1604
2020,1181,1170,1021,1770
2021,975,811,707,1732
2022,1098,947,859,1688
2023,952,798,643,1710
2024,879,753,623,1792
2025,1054,990,997,1867
2026,1059,858,851,1825
2027,999,869,812,1808
2028,1104,1011,972,1789
2029,939,835,737,1754
2030,1016,850,816,1742
2031,962,818,714,1715
2032,959,780,627,1585
2033,1042,853,847,1897
2034,855,711,609,1772
2035,957,801,675,1738
2036,1072,904,802,1738
2037,1203,1146,1020,1705
2038,895,766,618,1764
2039,1002,877,802,1733
2040,1024,811,708,1756
2041,1059,929,852,1820
2042,1078,950,813,1608
2043,1074,942,883,1741
2044,1213,1222,1268,1902
2045,910,805,631,1680
2046,915,743,621,1790
2047,1209,1156,1076,1825
2048,1202,1160,1162,1801
2049,1073,996,922,1752
2050,995,944,743,1689
2051,1056,978,866,1845
2052,1050,838,728,1638
2053,1017,945,780,1663
2054,1071,1010,836,1807
2055,963,846,729,1758
2056,1072,1019,860,1718
2057,1094,1079,1006,1746
2058,984,931,731,1646
2059,1078,973,947,1757
2060,895,785,720,1853
2061,1106,957,882,1703
2062,1008,857,830,1850
2063,1256,1158,1065,1684
2064,1084,960,904,1745
2065,953,781,724,1814
2066,937,778,659,1642
2067,1144,1059,996,1875
2068,925,844,734,1761
2069,968,823,777,1788
2070,926,791,621,1726
2071,998,919,766,1660
2072,1016,876,693,1598
2073,1065,962,867,1719
2074,1170,1006,906,1692
2075,1067,991,851,1741
2076,1008,943,781,1760
2077,1199,1110,994,1746
2078,1129,998,932,1739
2079,1250,1066,1028,1760
2080,1072,990,822,1750
2081,1122,1018,932,1742
2082,1269,1150,1260,1803
2083,1020,965,779,1766
2084,1067,1002,901,1830
2085,1248,1238,1157,1748
2086,1130,1042,925,1762
2087,1076,889,828,1714
2088,1035,961,798,1716
2089,1213,1235,1092,1677
2090,1178,1101,1001,1714
2091,1096,970,873,1820
2092,1122,1007,894,1753
2093,1162,1102,1052,1784
2094,1006,924,847,1758
2095,1051,957,744,1659
2096,1003,880,820,1793
2097,1202,1024,1119,1727
2098,1285,1254,1287,1777
2099,1166,1108,1050,1885
2100,957,839,694,1716
2101,957,862,662,1634
2102,1374,1282,1307,1763
2103,1117,1035,953,1775
2104,917,787,781,1823
2105,1066,938,868,1816
2106,979,933,923,1886
2107,1064,986,850,1700
2108,1031,946,835,1759
2109,919,748,646,1720
2110,1098,934,858,1716
2111,1000,802,742,1741
2112,1112,968,887,1730
2113,1124,1144,1057,1773
2114,965,883,736,1665
2115,997,795,696,1747
2116,1192,1143,1137,1779
2117,910,778,584,1629
2118,998,818,720,1656
2119,1145,1054,1009,1749
2120,961,862,816,1858
2121,1120,1003,921,1769
2122,1083,972,907,1837
2123,1062,914,813,1691
2124,1058,1094,914,1775
2125,1067,1004,918,1743
2126,1127,1026,957,1721
2127,985,811,675,1629
2128,1044,948,752,1672
2129,1025,958,814,1659
2130,939,853,771,1896
2131,1005,882,774,1730
2132,974,800,712,1684
2133,1082,870,844,1757
2134,1179,1019,946,1747
2135,967,829,674,1646
2136,1051,982,890,1744
2137,1082,919,902,1798
2138,1313,1266,1354,1883
2139,1162,966,1020,1837
2140,928,857,646,1663
2141,1007,863,831,1832
2142,1074,926,888,1845
2143,1069,985,850,1754
2144,1081,849,870,1867
2145,1162,970,1030,1819
2146,1055,1019,909,1771
2147,1004,862,691,1814
2148,994,854,778,1790
2149,974,891,778,1823
2150,1034,940,866,1807
2151,1085,1038,1001,1871
2152,952,757,620,1645
2153,934,752,692,1762
2154,938,723,660,1735
2155,1214,1108,1129,1797
2156,1024,792,797,1751
2157,969,798,732,1745
2158,977,879,751,1778
2159,964,851,713,1723
2160,1156,1043,912,1692
2161,1100,926,932,1749
2162,1012,886,766,1725
2163,994,835,771,1777
2164,1016,844,794,1728
2165,1061,936,789,1658
2166,1031,916,761,1656
2167,1036,866,753,1698
2168,1183,1051,981,1765
2169,1044,967,858,1710
2170,1084,952,866,1766
2171,1222,1088,1010,1743
2172,1214,1270,1240,1744
2173,1144,1105,1014,1805
2174,1197,1104,1138,1783
2175,1104,1066,898,1701
2176,1143,1086,1178,1955
2177,1288,1210,1263,1823
2178,1161,1094,1054,1816
2179,949,866,727,1762
2180,936,816,660,1619
2181,982,981,746,1614
2182,1012,892,713,1654
2183,1039,960,838,1791
2184,937,886,708,1737
2185,1137,1011,906,1694
2186,982,754,754,1774
2187,1152,1034,930,1798
2188,1228,1065,1111,1834
2189,1027,859,895,1860
2190,978,891,694,1664
2191,1152,931,935,1803
2192,983,832,680,1774
2193,1047,1061,942,1748
2194,1091,859,896,1859
2195,1073,902,762,1655
2196,1062,901,799,1634
2197,1174,1083,1096,1774
2198,1112,1071,976,1762
2199,1066,910,890,1757
2200,986,840,762,1785
2201,986,785,756,1746
2202,998,864,717,1622
2203,1056,940,822,1712
2204,1112,1047,951,1657
2205,1042,902,867,1784
2206,1017,825,761,1750
2207,996,896,772,1760
2208,1147,972,941,1790
2209,959,852,708,1721
2210,1080,955,922,1820
2211,1201,1144,1096,1809
2212,947,737,668,1749
2213,1139,1144,1103,1771
2214,1084,920,897,1707
2215,953,815,655,1622
2216,907,731,630,1714
2217,975,862,770,1739
2218,1133,968,951,1803
2219,944,837,696,1801
2220,1115,937,941,1827
2221,932,726,644,1750
2222,1164,956,1012,1844
2223,920,811,765,1846
2224,1046,925,901,1854
2225,1017,798,685,1604
2226,907,744,607,1687
2227,1030,910,702,1659
2228,918,770,595,1736
2229,989,787,705,1713
2230,973,779,704,1682
2231,1083,969,894,1729
2232,1058,888,804,1662
2233,1184,1029,924,1766
2234,1123,1017,978,1692
2235,1034,953,867,1790
2236,1000,816,775,1738
2237,1066,980,760,1602
2238,1058,896,844,1839
2239,1054,897,872,1794
2240,1116,1000,907,1704
2241,1002,880,848,1845
2242,1131,1090,1017,1796
2243,1091,955,829,1640
2244,1102,946,840,1748
2245,1079,978,957,1799
2246,1188,1076,1205,1970
2247,998,933,781,1717
2248,894,732,639,1697
2249,1139,1065,855,1604
2250,1198,1234,1301,1856
2251,978,857,698,1611
2252,1140,1030,992,1727
2253,1159,1076,1130,1728
2254,976,892,810,1760
2255,868,763,581,1661
2256,1157,1035,1001,1772
2257,977,862,729,1707
2258,1031,868,779,1690
2259,1029,985,791,1727
2260,1216,1130,1042,1775
2261,1009,1006,862,1681
2262,1129,1056,948,1757
2263,1081,920,859,1749
2264,985,1013,829,1685
2265,1070,1000,870,1724
2266,953,765,724,1846
2267,1122,1127,992,1754
2268,969,841,769,1763
2269,1278,1188,1200,1783
2270,986,860,694,1630
2271,1102,1010,894,1694
2272,1127,1012,903,1750
2273,890,831,677,1703
2274,996,907,811,1711
2275,1043,803,753,1754
2276,1049,940,869,1837
2277,1100,1012,975,1828
2278,1020,851,852,1762
2279,1055,910,803,1654
2280,962,834,749,1761
2281,1019,940,810,1720
2282,918,760,696,1737
2283,968,818,644,1648
2284,1014,880,736,1741
2285,984,827,730,1675
2286,1007,821,772,1695
2287,1026,875,868,1772
2288,1173,1045,1015,1747
2289,1058,923,802,1690
2290,984,844,840,1784
2291,1010,882,807,1823
2292,1161,1096,1202,1814
2293,1131,920,962,1923
2294,922,787,676,1802
2295,1108,900,880,1730
2296,1028,1012,784,1712
2297,957,752,615,1725
2298,966,906,752,1700
2299,917,773,657,1770
2300,902,730,686,1899
2301,1101,882,865,1825
2302,956,819,746,1779
2303,1007,855,775,1760
2304,955,735,720,1806
2305,971,781,641,1734
2306,993,870,842,1813
2307,960,807,733,1823
2308,1121,972,955,1768
2309,1255,1224,1219,1741
2310,1007,905,847,1804
2311,1071,920,896,1831
2312,1172,1105,1158,1819
2313,1053,917,857,1739
2314,984,752,672,1716
2315,1071,911,893,1664
2316,1163,1082,977,1674
2317,1085,875,822,1763
2318,1019,904,830,1761
2319,1058,946,869,1751
2320,993,885,760,1738
2321,1034,915,801,1610
2322,909,739,689,1767
2323,1028,776,695,1649
2324,1047,961,793,1660
2325,1129,1042,994,1863
2326,1044,1028,869,1688
2327,1021,828,806,1861
2328,1101,952,986,1725
2329,1066,1012,868,1702
2330,996,860,761,1721
2331,934,761,719,1853
2332,987,802,727,1652
2333,1302,1142,1265,1827
2334,1121,1061,818,1709
2335,1100,1053,875,1727
2336,1071,916,801,1721
2337,1163,1103,1123,1833
2338,951,900,725,1786
2339,1016,899,775,1639
2340,890,822,637,1689
2341,1042,880,819,1720
2342,1148,1062,1013,1751
2343,1077,1050,932,1633
2344,1149,1007,956,1687
2345,1158,1065,1078,1816
2346,1003,841,820,1777
2347,1011,916,814,1796
2348,1158,1048,1040,1818
2349,1074,997,908,1767
2350,1068,988,927,1669
2351,1036,981,775,1689
2352,980,811,764,1713
2353,940,767,702,1781
2354,1044,966,874,1756
2355,981,900,727,1674
2356,1006,897,713,1644
2357,1011,754,714,1838
2358,996,853,750,1733
2359,1072,915,812,1681
2360,1158,1107,1084,1821
2361,1181,1076,937,1713
2362,1032,950,835,1704
2363,1204,1199,1197,1785
2364,1084,1048,1004,1793
2365,1086,1070,998,1803
2366,1058,966,929,1725
2367,1081,1009,912,1666
2368,985,880,786,1687
2369,970,849,780,1768
2370,942,850,663,1626
2371,943,788,642,1684
2372,1082,998,913,1751
2373,1014,875,858,1852
2374,955,801,647,1624
2375,1005,850,777,1723
2376,1201,1132,1146,1775
2377,858,759,591,1784
2378,848,740,552,1662
2379,1030,1015,858,1719
2380,1236,1128,1143,1814
2381,1148,1087,1078,1877
2382,1033,1002,811,1653
2383,1082,953,837,1757
2384,1063,1029,878,1718
2385,949,789,732,1842
2386,982,848,732,1863
2387,1014,840,873,1966
2388,1290,1245,1231,1786
2389,933,856,685,1689
2390,1098,1100,916,1700
2391,1017,913,786,1730
2392,1036,919,783,1781
2393,944,825,690,1647
2394,909,826,633,1698
2395,980,888,800,1671
2396,949,817,749,1812
2397,964,912,721,1715
2398,997,891,845,1807
2399,1001,853,759,1748
2400,1025,845,765,1795
2401,1221,1200,1178,1688
2402,1006,954,835,1854
2403,888,725,644,1816
2404,1043,1005,791,1760
2405,1189,1061,919,1694
2406,998,860,744,1757
2407,1063,880,819,1799
2408,1254,1148,1181,1765
2409,1009,857,697,1674
2410,1155,1084,1071,1819
2411,1255,1175,1090,1729
2412,1055,1038,925,1761
2413,1065,920,1026,1899
2414,1233,1155,1196,1864
2415,1012,838,882,1881
2416,900,770,634,1746
2417,1042,881,840,1798
2418,1112,1010,991,1773
2419,920,737,677,1784
2420,1192,1084,1047,1740
2421,1005,960,922,1979
2422,1040,915,822,1744
2423,1102,914,899,1794
2424,1120,960,850,1637
2425,896,724,601,1737
2426,1258,1238,1206,1666
2427,1045,878,816,1780
2428,1043,872,783,1740
2429,1092,1004,906,1748
2430,1109,938,817,1667
2431,1076,936,872,1781
2432,1037,963,848,1756
2433,1047,950,869,1694
2434,1202,1170,1108,1790
2435,1109,1078,974,1736
2436,1129,1038,1039,1836
2437,994,862,776,1740
2438,974,870,718,1750
2439,1077,1010,884,1770
2440,826,650,596,1807
2441,931,860,605,1623
2442,1032,902,796,1742
2443,1050,830,786,1806
2444,1192,1067,1021,1787
2445,1116,999,955,1750
2446,953,839,629,1652
2447,979,802,760,1840
2448,928,730,687,1782
2449,1106,966,922,1779
2450,993,838,678,1665
2451,976,866,715,1690
2452,1070,932,785,1609
2453,917,816,732,1888
2454,1023,808,739,1697
2455,934,836,723,1818
2456,1074,925,857,1780
2457,979,775,700,1791
2458,980,830,760,1828
2459,984,857,717,1674
2460,1161,1058,965,1716
2461,1077,937,880,1778
2462,1002,809,765,1797
2463,1141,1003,974,1723
2464,1052,930,846,1784
2465,1059,866,734,1688
2466,1024,911,804,1745
2467,938,865,708,1708
2468,1106,868,880,1779
2469,987,865,715,1685
2470,1143,1030,1014,1841
2471,1097,925,775,1640
2472,1233,1101,1089,1762
2473,1063,927,965,1804
2474,1053,957,864,1736
2475,986,786,738,1804
2476,1011,849,741,1720
2477,1077,918,934,1779
2478,1004,851,767,1795
2479,1033,1011,809,1703
2480,1027,905,797,1699
2481,1142,1096,1046,1809
2482,1017,891,787,1666
2483,1021,855,798,1777
2484,1037,940,774,1634
2485,994,880,766,1822
2486,1095,832,808,1722
2487,1012,817,690,1640
2488,1029,929,695,1577
2489,1014,905,726,1650
2490,883,794,590,1743
2491,1024,941,872,1764
2492,1098,1022,1017,1945
2493,1044,970,873,1765
2494,1056,873,771,1725
2495,1252,1127,1146,1827
2496,1083,918,880,1759
2497,1162,1100,1035,1781
2498,1162,1015,988,1673
2499,1104,910,992,1787
2500,1084,856,884,1798
2501,1002,945,788,1720
2502,966,783,750,1790
2503,1023,988,753,1678
2504,1131,1014,935,1757
2505,1042,967,826,1740
2506,1138,961,789,1696
2507,1052,942,874,1791
2508,1004,911,797,1694
2509,992,811,639,1679
2510,1008,875,828,1733
2511,933,789,722,1814
2512,1090,1021,967,1709
2513,1183,1033,970,1746
2514,1024,775,819,1800
2515,1133,991,946,1716
2516,1025,834,775,1735
2517,951,790,686,1692
2518,1023,1005,799,1697
2519,962,739,719,1826
2520,1108,952,841,1740
2521,955,789,643,1752
2522,1099,989,948,1828
2523,920,820,669,1707
2524,1052,887,823,1721
2525,982,782,768,1852
2526,1054,943,815,1651
2527,1102,942,838,1707
2528,988,814,768,1795
2529,963,832,695,1707
2530,952,796,692,1679
2531,1089,991,959,1735
2532,1064,967,830,1731
2533,1105,1022,937,1709
2534,1097,1043,903,1683
2535,973,707,640,1802
2536,1035,879,787,1723
2537,1176,1188,1112,1721
2538,1019,907,837,1783
2539,977,828,660,1618
2540,1014,960,781,1721
2541,1032,871,821,1829
2542,1123,1037,922,1653
2543,996,865,741,1804
2544,924,758,718,1785
2545,1009,884,836,1771
2546,934,865,725,1676
2547,976,791,645,1646
2548,964,849,766,1859
2549,957,776,744,1710
2550,938,825,633,1789
2551,992,877,775,1737
2552,890,741,535,1624
2553,1011,918,770,1670
2554,1084,950,847,1676
2555,1150,1032,963,1692
2556,986,907,762,1622
2557,1082,795,807,1760
2558,1263,1131,1049,1687
2559,923,775,667,1705
2560,1058,916,869,1810
2561,1119,1076,1007,1831
2562,993,965,758,1663
2563,1038,891,889,1809
2564,1035,913,902,1791
2565,1019,891,735,1678
2566,1135,903,930,1832
2567,1001,794,766,1726
2568,1078,935,888,1755
2569,1018,898,788,1813
2570,1092,966,968,1835
2571,948,831,658,1690
2572,956,804,716,1749
2573,1076,924,860,1871
2574,1020,904,852,1875
2575,1064,928,811,1730
2576,1121,1005,1000,1850
2577,1005,852,784,1663
2578,993,785,758,1854
2579,870,728,569,1688
2580,1161,1093,1081,1799
2581,1119,977,933,1772
2582,1110,1014,1010,1826
2583,991,833,750,1733
2584,1031,878,736,1673
2585,1004,862,755,1713
2586,1012,846,796,1700
2587,979,796,742,1775
2588,1043,956,863,1704
2589,989,810,795,1838
2590,977,828,753,1752
2591,1027,949,900,1790
2592,986,831,672,1688
2593,1141,1017,904,1684
2594,1195,1101,1144,1759
2595,1053,835,785,1684
2596,968,824,754,1755
2597,1134,1002,952,1718
2598,1194,1001,978,1745
2599,1123,1007,1069,1953
2600,1039,905,835,1808
2601,982,786,690,1779
2602,929,744,660,1779
2603,997,855,786,1767
2604,1035,884,729,1657
2605,1025,928,736,1583
2606,928,835,622,1681
2607,1065,972,893,1812
2608,1105,900,936,1838
2609,1084,934,877,1727
2610,1064,940,785,1673
2611,1113,907,798,1737
2612,937,730,654,1811
2613,1029,961,905,1835
2614,948,830,767,1760
2615,1012,932,797,1793
2616,1045,847,779,1824
2617,963,807,695,1716
2618,982,858,765,1745
2619,1030,837,763,1765
2620,1057,849,797,1761
2621,952,755,632,1647
2622,1079,934,906,1715
2623,955,830,726,1756
2624,953,786,645,1637
2625,1002,850,743,1704
2626,1139,1031,1122,1822
2627,1018,870,775,1767
2628,986,818,769,1809
2629,1065,928,962,1776
2630,1028,985,916,1798
2631,1044,862,848,1758
2632,1053,875,753,1673
2633,1022,836,802,1817
2634,1121,958,929,1745
2635,1005,870,746,1736
2636,1047,850,829,1748
2637,1031,833,827,1774
2638,1023,895,738,1736
2639,1027,873,764,1745
2640,1042,919,758,1672
2641,1037,958,741,1612
2642,1077,942,795,1727
2643,1034,915,797,1706
2644,1075,968,810,1639
2645,1088,985,865,1711
2646,920,740,682,1821
2647,1060,862,873,1737
2648,1047,907,869,1830
2649,1026,849,705,1639
2650,1092,989,873,1854
2651,1151,1072,1200,1846
2652,1033,936,762,1725
2653,976,861,689,1717
2654,960,751,654,1751
2655,1053,1032,862,1719
2656,918,780,620,1717
2657,895,705,651,1718
2658,1085,921,833,1716
2659,866,698,567,1690
2660,1075,922,842,1769
2661,1098,885,938,1905
2662,1020,803,764,1716
2663,1064,902,825,1800
2664,1081,925,886,1836
2665,1142,1041,946,1804
2666,1014,912,811,1680
2667,1057,893,828,1794
2668,1086,922,890,1801
2669,898,800,640,1787
2670,1137,999,938,1836
2671,1258,1158,1149,1743
2672,1087,975,895,1746
2673,950,788,742,1785
2674,1168,1036,998,1726
2675,914,762,682,1741
2676,947,838,743,1804
2677,998,913,808,1788
2678,1133,988,958,1829
2679,1251,1182,1124,1836
2680,1081,984,912,1801
2681,1111,1060,1116,1818
2682,905,770,606,1612
2683,942,819,639,1659
2684,1029,917,816,1776
2685,1068,940,861,1739
2686,1278,1186,1201,1836
2687,1092,1019,901,1702
2688,1085,957,814,1670
2689,1000,931,754,1742
2690,1082,926,868,1800
2691,1088,935,894,1831
2692,949,796,692,1770
2693,1117,1034,865,1697
2694,1100,980,1060,1778
2695,1124,1011,898,1707
2696,1005,880,792,1735
2697,1079,1013,833,1654
2698,1026,953,810,1794
2699,1113,1105,975,1799
2700,951,791,734,1872
2701,895,757,584,1589
2702,910,812,701,1755
2703,971,869,719,1795
2704,989,847,764,1722
2705,925,768,702,1864
2706,983,856,713,1660
2707,1003,880,843,1802
2708,963,858,791,1831
2709,929,800,691,1696
2710,971,796,743,1772
2711,963,792,611,1693
2712,894,716,630,1713
2713,961,822,673,1652
2714,997,794,764,1715
2715,1022,835,811,1713
2716,1028,891,775,1710
2717,1026,829,867,1751
2718,842,720,567,1668
2719,1093,922,935,1720
2720,897,741,648,1665
2721,1082,832,774,1670
2722,975,768,758,1869
2723,985,780,716,1681
2724,940,812,639,1559
2725,1057,845,882,1798
2726,932,762,694,1682
2727,1001,932,728,1681
2728,1000,840,765,1817
2729,1201,1012,1096,1792
2730,924,781,710,1806
2731,1080,901,902,1766
2732,968,787,773,1738
2733,982,837,686,1684
2734,894,701,560,1674
2735,994,788,782,1786
2736,957,783,703,1697
2737,1063,991,950,1830
2738,885,755,614,1697
2739,982,836,756,1816
2740,968,855,735,1660
2741,1046,874,781,1681
2742,1083,958,918,1866
2743,949,776,667,1635
2744,951,748,691,1717
2745,1114,937,1001,1803
2746,967,767,706,1623
2747,1023,837,777,1745
2748,978,843,819,1800
2749,1055,962,888,1673
2750,1018,911,823,1760
2751,975,790,763,1874
2752,1125,930,947,1739
2753,1017,856,797,1753
2754,1061,944,918,1839
2755,1016,837,825,1803
2756,1071,840,761,1720
2757,1016,826,821,1788
2758,944,831,703,1771
2759,896,766,608,1691
2760,978,782,697,1723
2761,989,817,779,1840
2762,1095,900,888,1793
2763,1011,833,794,1778
2764,1031,841,843,1821
2765,963,821,707,1685
2766,1094,974,885,1722
2767,1148,1156,1093,1786
2768,965,861,754,1780
2769,1036,897,826,1811
2770,1101,850,894,1787
2771,1005,832,772,1748
2772,930,783,716,1830
2773,962,864,681,1656
2774,1040,902,888,1816
2775,945,788,735,1741
2776,990,877,791,1745
2777,990,927,813,1795
2778,1081,918,815,1748
2779,1006,858,830,1806
2780,972,860,724,1698
2781,912,765,676,1791
2782,925,835,667,1703
2783,992,854,740,1744
2784,934,753,606,1677
2785,1046,877,826,1736
2786,993,825,747,1786
2787,1152,1056,1071,1858
2788,1027,851,862,1833
2789,1008,865,932,1900
2790,979,814,726,1743
2791,979,785,677,1733
2792,1002,893,866,1745
2793,982,766,725,1803
2794,1019,936,775,1713
2795,841,715,478,1491
2796,996,901,766,1765
2797,1066,942,897,1767
2798,1002,858,703,1773
2799,975,817,750,1760
2800,1057,892,846,1745
2801,952,754,629,1769
2802,943,818,638,1653
2803,1056,898,892,1851
2804,902,795,674,1768
2805,921,815,721,1798
2806,983,770,689,1656
2807,955,783,737,1763
2808,1004,846,765,1781
2809,992,867,817,1764
2810,1061,913,828,1704
2811,980,830,681,1715
2812,1067,935,888,1774
2813,1074,934,793,1681
2814,1062,967,858,1786
2815,979,763,669,1681
2816,917,797,722,1808
2817,964,852,699,1650
2818,995,883,889,1674
2819,998,903,705,1604
2820,953,843,665,1672
2821,980,862,783,1766
2822,1069,926,972,1865
2823,1113,954,835,1806
2824,1080,974,816,1740
2825,1088,908,816,1713
2826,951,796,685,1740
2827,1002,832,850,1740
2828,962,772,723,1776
2829,1088,957,935,1852
2830,949,801,722,1853
2831,1133,1062,1113,1916
2832,1194,1097,1135,1842
2833,994,889,787,1753
2834,976,779,671,1764
2835,1095,976,949,1807
2836,1063,984,909,1810
2837,956,801,604,1643
2838,1038,890,824,1764
2839,1057,939,885,1773
2840,1001,855,780,1777
2841,940,802,717,1714
2842,994,833,773,1790
2843,998,841,807,1867
2844,1062,906,776,1697
2845,1028,1049,939,1796
2846,1082,1010,965,1834
2847,1022,874,814,1727
2848,1079,915,943,1819
2849,1044,842,831,1788
2850,1044,911,821,1747
2851,1056,948,922,1742
2852,1205,1046,1039,1797
2853,977,835,764,1783
2854,905,797,661,1724
2855,1097,978,972,1867
2856,942,769,615,1680
2857,987,853,727,1754
2858,932,816,657,1624
2859,968,803,686,1629
2860,939,766,691,1794
2861,1017,912,730,1588
2862,964,802,738,1738
2863,1010,909,864,1806
2864,971,814,781,1798
2865,1032,978,787,1625
2866,1183,1168,1058,1708
2867,1044,932,861,1679
2868,1044,913,839,1750
2869,1149,966,954,1796
2870,976,833,752,1843
2871,1078,1016,845,1742
2872,1039,961,771,1667
2873,1024,899,723,1689
2874,1021,828,807,1843
2875,1075,962,977,1891
2876,1068,941,1008,1925
2877,1161,1080,1059,1717
2878,1156,950,954,1799
2879,1129,1095,956,1695
2880,1266,1116,1205,1773
2881,1059,990,876,1806
2882,1188,1030,941,1725
2883,1109,970,838,1676
2884,1058,999,860,1716
2885,1153,988,1002,1819
2886,1027,932,798,1739
2887,980,938,813,1778
2888,1201,1192,1312,1919
2889,1091,978,937,1728
2890,1011,787,763,1669
2891,953,786,626,1697
2892,1123,1000,887,1773
2893,963,883,710,1764
2894,1079,1021,887,1716
2895,1004,926,817,1802
2896,1052,811,782,1707
2897,1004,943,841,1806
2898,869,745,549,1712
2899,1197,1020,1092,1870
2900,900,775,663,1772
2901,1213,1128,1072,1805
2902,1237,1094,1147,1820
2903,879,730,546,1579
2904,1172,976,859,1678
2905,1141,1002,976,1858
2906,1054,883,870,1773
2907,876,806,697,1821
2908,1060,997,942,1846
2909,910,741,620,1737
2910,1131,1029,940,1737
2911,986,895,735,1693
2912,1029,944,809,1782
2913,1202,1147,1045,1759
2914,1217,1139,1069,1732
2915,1086,1032,826,1707
2916,967,771,713,1751
2917,1052,957,907,1763
2918,1058,938,876,1804
2919,1197,1159,1128,1742
2920,1237,1153,1063,1823
2921,946,800,673,1807
2922,1177,1013,893,1775
2923,1030,874,784,1797
2924,970,871,717,1731
2925,921,857,776,1744
2926,1017,828,749,1673
2927,948,793,694,1648
2928,988,772,801,1868
2929,1017,890,778,1773
2930,1066,893,924,1923
2931,1066,981,885,1779
2932,977,840,757,1811
2933,1108,1035,938,1715
2934,1127,1133,924,1747
2935,1111,988,888,1744
2936,940,825,661,1783
2937,1145,967,910,1764
2938,1091,982,809,1701
2939,880,825,621,1724
2940,1038,879,796,1765
2941,914,752,636,1630
2942,892,719,608,1713
2943,1226,1084,1210,1838
2944,1152,959,855,1704
2945,982,873,744,1772
2946,1259,1083,1114,1846
2947,1106,920,913,1805
2948,1159,1052,1074,1805
2949,999,897,713,1680
2950,1011,926,902,1839
2951,1060,901,829,1723
2952,1057,936,869,1800
2953,997,864,866,1861
2954,1073,859,772,1724
2955,1002,836,801,1812
2956,994,886,725,1664
2957,941,722,667,1706
2958,942,820,680,1687
2959,1157,1075,1079,1858
2960,991,1003,745,1629
2961,975,842,792,1856
2962,1167,1062,1052,1757
2963,929,765,663,1750
2964,1126,1011,905,1735
2965,864,750,587,1739
2966,972,899,687,1634
2967,1235,1166,1090,1772
2968,890,744,576,1600
2969,1058,1048,922,1657
2970,983,913,815,1898
2971,1019,902,912,1830
2972,1084,973,850,1712
2973,1104,1011,920,1693
2974,1279,1328,1442,1910
2975,1017,850,739,1817
2976,1175,1089,1062,1790
2977,1206,1071,1049,1789
2978,953,825,660,1728
2979,914,864,622,1684
2980,1101,1003,1022,1861
2981,915,785,697,1763
2982,1034,890,939,1952
2983,986,830,793,1750
2984,1088,1017,899,1763
2985,948,785,727,1854
2986,963,791,690,1669
2987,1211,1071,1140,1858
2988,1162,1028,995,1786
2989,1091,976,887,1712
2990,1069,960,894,1752
2991,1077,976,842,1653
2992,1006,900,804,1687
2993,997,943,760,1689
2994,1090,1046,913,1674
2995,931,754,673,1819
2996,1037,905,857,1788
2997,964,767,688,1679
2998,1087,964,885,1763
2999,964,753,708,1733
3000,1011,817,743,1703
3001,1081,1010,985,1814
3002,1095,1005,902,1825
3003,981,836,852,1815
3004,1020,882,851,1778
3005,963,863,685,1744
3006,1205,1151,1065,1781
3007,1181,1052,1044,1716
3008,1149,982,968,1766
3009,1092,951,902,1736
3010,1157,935,938,1810
3011,1084,999,928,1839
3012,1084,974,873,1668
3013,1048,928,769,1784
3014,1083,915,892,1757
3015,1184,1070,963,1777
3016,1115,994,947,1749
3017,946,812,665,1842
3018,980,822,754,1782
3019,1123,1024,935,1734
3020,1121,964,950,1897
3021,1127,963,822,1650
3022,1167,1020,1052,1760
3023,992,830,747,1837
3024,1042,883,845,1718
3025,1102,1031,843,1654
3026,1106,1048,925,1834
3027,1044,992,926,1810
3028,967,904,750,1722
3029,1015,920,733,1646
3030,1057,992,815,1728
3031,1077,915,875,1761
3032,966,930,770,1780
3033,1152,1024,869,1719
3034,983,861,850,1830
3035,1182,1026,962,1751
3036,1029,884,811,1758
3037,1122,983,857,1681
3038,1042,957,879,1805
3039,1112,981,882,1766
3040,928,826,712,1740
3041,1036,925,832,1768
3042,1006,863,742,1703
3043,1043,850,833,1845
3044,1195,1072,1151,1853
3045,1072,878,792,1756
3046,992,915,862,1858
3047,1038,812,753,1763
3048,998,933,823,1758
3049,1017,847,837,1768
3050,1118,987,932,1801
3051,1051,956,879,1761
3052,1067,942,819,1756
3053,1192,1087,1061,1830
3054,992,865,733,1726
3055,1031,965,818,1718
3056,1118,991,907,1717
3057,1116,974,875,1811
3058,1078,903,902,1780
3059,1008,761,663,1664
3060,984,773,740,1751
3061,1143,1066,1093,1972
3062,945,750,661,1699
3063,1116,983,993,1819
3064,1037,945,766,1665
3065,961,828,619,1567
3066,1082,847,792,1686
3067,1116,1065,984,1771
3068,1009,798,774,1800
3069,1174,980,879,1783
3070,1094,1044,928,1756
3071,972,876,803,1722
3072,1078,957,884,1761
3073,990,830,836,1850
3074,1043,895,810,1816
3075,1109,933,936,1772
3076,908,784,619,1735
3077,1042,840,772,1705
3078,1018,973,908,1803
3079,949,815,661,1750
3080,1167,1112,1090,1777
3081,1120,1022,957,1759
3082,1094,896,877,1787
3083,1123,1076,991,1766
3084,888,720,603,1762
3085,988,921,791,1688
3086,991,813,791,1850
3087,976,821,771,1764
3088,1037,935,927,1798
3089,1062,897,801,1678
3090,1175,1028,969,1738
3091,1018,958,775,1739
3092,858,735,564,1577
3093,993,823,728,1707
3094,1109,1018,1033,1863
3095,949,867,710,1820
3096,1092,938,948,1816
3097,1112,1011,1020,1856
3098,1038,916,935,1806
3099,1112,1000,1007,1934
3100,945,777,688,1774
3101,1126,984,941,1800
3102,977,820,690,1673
3103,1151,980,1126,1944
3104,1067,941,935,1841
3105,1094,943,932,1761
3106,1076,914,979,1872
3107,1172,1081,917,1726
3108,1076,978,850,1764
3109,878,677,542,1670
3110,1110,1062,948,1765
3111,1146,990,858,1720
3112,1138,1040,913,1718
3113,1066,921,834,1784
3114,1112,1024,891,1651
3115,1112,1073,988,1808
3116,1014,908,801,1740
3117,1143,1072,940,1710
3118,1188,1016,1002,1804
3119,1109,1002,898,1719
3120,902,772,645,1794
3121,886,787,623,1736
3122,1047,918,769,1616
3123,917,725,627,1744
3124,1047,952,855,1816
3125,1076,985,855,1749
3126,1143,951,881,1749
3127,1082,893,765,1668
3128,991,860,628,1575
3129,1034,883,756,1708
3130,1048,896,813,1645
3131,1083,918,956,1825
3132,1004,891,765,1800
3133,1044,843,823,1810
3134,1041,896,825,1718
3135,1138,1022,1100,1808
3136,991,870,773,1814
3137,1073,975,807,1649
3138,1176,1097,1099,1857
3139,1238,1187,1059,1765
3140,1165,1055,1044,1748
3141,1057,1028,846,1730
3142,1238,1217,1223,1870
3143,1059,1036,1000,1870
3144,978,874,835,1780
3145,982,850,690,1761
3146,1125,1011,1002,1793
3147,1053,953,941,1781
3148,1134,975,834,1705
3149,1223,1164,1145,1761
3150,1056,947,833,1836
3151,1213,1093,945,1639
3152,1109,956,868,1809
3153,1137,1041,938,1738
3154,1104,1086,966,1751
3155,1127,1058,1008,1741
3156,1119,1049,921,1707
3157,1127,1053,1023,1736
3158,1185,1024,949,1649
3159,1126,1038,950,1767
3160,1166,1088,1135,1831
3161,1058,977,735,1621
3162,1018,790,748,1747
3163,1002,796,765,1728
3164,1029,868,842,1801
3165,1054,873,886,1814
3166,957,820,726,1870
3167,1021,946,829,1861
3168,1012,895,828,1806
3169,1128,980,917,1794
3170,1174,1073,1064,1805
3171,1012,854,804,1843
3172,1034,899,947,1993
3173,1112,994,951,1847
3174,996,860,714,1694
3175,899,722,578,1673
3176,1017,845,803,1874
3177,1076,906,775,1736
3178,1133,942,938,1789
3179,1177,1070,962,1672
3180,1017,932,822,1721
3181,1074,906,880,1864
3182,1151,980,955,1840
3183,857,725,596,1774
3184,1060,921,794,1664
3185,904,774,682,1781
3186,1034,926,863,1778
3187,1007,825,801,1760
3188,962,833,723,1730
3189,1114,891,1023,1890
3190,1048,918,1010,1926
3191,1068,902,830,1795
3192,1027,876,784,1730
3193,1151,1011,1069,1785
3194,1039,835,809,1805
3195,1047,931,794,1638
3196,906,731,606,1789
3197,961,798,654,1685
3198,1040,860,748,1693
3199,968,742,682,1700
3200,1041,925,833,1738
3201,1173,1000,1025,1862
3202,1051,860,828,1696
3203,1061,893,891,1798
3204,1128,995,949,1768
3205,979,920,702,1629
3206,1277,1110,1223,1866
3207,1159,1032,954,1894
3208,1041,868,727,1648
3209,1187,1064,1008,1788
3210,1115,1002,880,1808
3211,1158,1137,1103,1847
3212,933,799,700,1676
3213,1076,912,861,1774
3214,1053,894,786,1660
3215,1004,813,792,1760
3216,991,897,785,1757
3217,862,703,533,1698
3218,906,788,677,1761
3219,1068,991,843,1678
3220,1093,860,908,1796
3221,987,945,757,1641
3222,940,776,629,1857
3223,837,703,551,1708
3224,1137,1046,962,1816
3225,973,940,751,1680
3226,1132,994,939,1758
3227,1091,1000,1055,1898
3228,928,785,633,1733
3229,1006,905,704,1680
3230,1244,1178,1239,1906
3231,960,823,714,1834
3232,1099,1018,859,1667
3233,1089,1011,932,1826
3234,1008,932,802,1803
3235,1087,1006,845,1740
3236,931,865,687,1777
3237,1106,1001,823,1678
3238,1142,974,924,1726
3239,1008,953,804,1689
3240,995,842,816,1852
3241,1072,888,871,1864
3242,1044,803,797,1790
3243,1146,984,991,1845
3244,1011,851,829,1817
3245,1179,1081,1105,1951
3246,1172,1027,1038,1751
3247,1085,825,781,1717
3248,1066,782,718,1711
3249,1179,1013,879,1678
3250,1032,960,799,1738
3251,1038,951,809,1783
3252,1117,960,890,1695
3253,1006,842,721,1726
3254,1107,995,910,1651
3255,1044,883,789,1690
3256,1083,1037,879,1790
3257,1141,1048,893,1744
3258,1063,1019,889,1765
3259,1139,1060,1007,1849
3260,1196,1072,1074,1790
3261,1057,951,775,1672
3262,1062,875,779,1740
3263,968,850,670,1751
3264,840,670,516,1670
3265,1046,963,887,1768
3266,959,876,644,1664
3267,1115,965,949,1855
3268,947,874,710,1675
3269,999,908,748,1693
3270,1041,778,808,1807
3271,984,793,741,1790
3272,919,730,611,1711
3273,987,752,658,1678
3274,1040,952,824,1741
3275,992,801,753,1766
3276,1017,930,856,1804
3277,1097,1017,939,1773
3278,1029,893,762,1643
3279,972,806,725,1718
3280,949,801,700,1680
3281,1026,891,786,1726
3282,1212,1105,994,1671
3283,1081,972,939,1831
3284,959,727,652,1730
3285,1039,957,849,1809
3286,1039,948,809,1726
3287,1062,1065,955,1690
3288,1039,847,838,1808
3289,1057,941,914,1828
3290,1182,1174,1084,1765
3291,1157,1019,921,1818
3292,1153,1123,1043,1787
3293,1014,706,629,1805
3294,1017,910,800,1727
3295,1122,992,869,1748
3296,1086,999,948,1873
3297,958,740,672,1695
3298,1007,835,741,1761
3299,1171,1085,1012,1797
3300,1047,912,856,1730
3301,1082,856,788,1690
3302,1177,1018,1002,1783
3303,934,839,689,1829
3304,1132,932,877,1822
3305,1082,897,857,1744
3306,1068,945,900,1803
3307,1103,1029,958,1765
3308,1080,887,753,1688
3309,1023,897,818,1662
3310,913,768,597,1663
3311,1042,866,730,1663
3312,969,907,806,1721
3313,1003,918,760,1770
3314,938,716,668,1725
3315,1087,934,965,1788
3316,968,845,794,1893
3317,951,827,705,1794
3318,1112,1101,1076,1763
3319,1133,1047,957,1831
3320,1162,1070,958,1640
3321,1177,1135,983,1687
3322,963,759,675,1827
3323,1001,888,798,1798
3324,1065,981,912,1708
3325,1037,956,876,1753
3326,994,928,783,1793
3327,1030,850,849,1858
3328,867,743,603,1677
3329,1063,970,887,1744
3330,1066,970,947,1805
3331,988,932,708,1623
3332,1022,857,860,1754
3333,1003,807,743,1743
3334,1110,1001,946,1718
3335,1068,1052,889,1697
3336,1058,961,956,1881
3337,908,721,602,1755
3338,1247,1175,1153,1738
3339,1096,983,947,1786
3340,981,816,720,1714
3341,983,858,752,1703
3342,942,801,669,1650
3343,1108,1026,1062,1839
3344,1184,1095,1088,1652
3345,984,767,710,1726
3346,1133,1082,997,1738
3347,1139,967,916,1740
3348,1170,1073,947,1647
3349,1053,933,761,1702
3350,1196,1139,950,1637
3351,1037,867,773,1657
3352,1046,904,846,1775
3353,1122,1006,917,1777
3354,1133,1156,1008,1774
3355,1081,964,821,1706
3356,1008,933,747,1788
3357,1159,1047,1107,1886
3358,993,910,774,1683
3359,1267,1254,1271,1900
3360,1104,996,842,1786
3361,1048,960,792,1712
3362,1102,892,848,1760
3363,1083,1002,832,1711
3364,1113,1021,880,1720
3365,1039,972,887,1798
3366,1234,1171,1067,1730
3367,1081,1020,908,1740
3368,954,811,699,1755
3369,1120,1115,1009,1837
3370,1063,1020,813,1726
3371,1141,1036,967,1790
3372,957,826,724,1731
3373,948,795,656,1663
3374,1151,1036,1054,1818
3375,1077,1009,958,1777
3376,1187,1076,1135,1786
3377,1123,934,886,1799
3378,1072,903,834,1855
3379,1005,923,834,1726
3380,1025,904,862,1708
3381,955,846,738,1748
3382,960,872,760,1757
3383,1055,805,778,1800
3384,1126,956,931,1749
3385,934,838,695,1706
3386,1041,939,1017,1980
3387,1047,960,815,1747
3388,1134,1018,1006,1816
3389,905,761,606,1719
3390,926,871,778,1790
3391,936,838,650,1688
3392,1228,1137,1126,1762
3393,1070,978,907,1694
3394,1036,843,815,1764
3395,957,777,673,1727
3396,987,810,727,1840
3397,1054,944,829,1735
3398,1091,1004,936,1758
3399,1090,947,932,1802
3400,1056,858,879,1802
3401,1140,990,951,1800
3402,984,887,756,1769
3403,976,833,780,1897
3404,1147,996,926,1690
3405,1282,1168,1302,1786
3406,1057,912,821,1907
3407,1183,1113,1098,1779
3408,1098,897,956,1861
3409,942,753,633,1685
3410,1083,981,971,1797
3411,979,805,760,1687
3412,1104,1003,926,1805
3413,1202,1162,1084,1755
3414,862,757,562,1702
3415,1042,943,874,1746
3416,947,824,633,1670
3417,1077,1017,826,1624
3418,1152,1117,1033,1751
3419,1002,880,772,1770
3420,1059,1005,880,1722
3421,1196,1182,1050,1681
3422,1128,1020,982,1779
3423,910,760,689,1930
3424,1022,960,853,1796
3425,1181,1200,984,1658
3426,971,870,681,1582
3427,1227,1122,1129,1807
3428,1009,861,939,1929
3429,1110,974,994,1743
3430,1112,1195,1054,1714
3431,987,835,664,1697
3432,1022,972,753,1727
3433,1216,1113,1095,1709
3434,927,785,679,1751
3435,962,802,757,1719
3436,1066,1020,996,1817
3437,1035,904,981,1927
3438,1123,1095,1116,1851
3439,969,793,729,1808
3440,1203,1102,983,1663
3441,978,955,865,1834
3442,1248,1113,1239,1815
3443,891,802,631,1700
3444,1116,1027,965,1808
3445,1039,839,778,1722
3446,926,825,682,1679
3447,1004,896,876,1775
3448,1122,1082,1028,1826
3449,1106,967,935,1767
3450,1032,910,784,1685
3451,1146,1020,914,1735
3452,1054,922,875,1668
3453,942,728,637,1678
3454,1090,975,939,1808
3455,944,874,729,1846
3456,1006,868,841,1771
3457,1066,977,877,1774
3458,1147,1019,965,1748
3459,1083,910,991,1789
3460,1130,1058,1001,1825
3461,1062,933,872,1698
3462,1174,1100,1131,1850
3463,973,860,744,1766
3464,919,748,647,1638
3465,1172,1007,1019,1818
3466,927,883,681,1664
3467,1076,992,892,1902
3468,1037,853,824,1722
3469,981,888,793,1833
3470,1182,1146,1166,1847
3471,1117,1127,948,1690
3472,1178,982,1132,1934
3473,1154,1153,1093,1807
3474,993,832,688,1651
3475,1167,1102,1052,1768
3476,1007,873,768,1812
3477,1101,1017,927,1743
3478,1059,875,820,1715
3479,1131,996,877,1681
3480,1054,883,825,1847
3481,988,859,762,1684
3482,1059,887,894,1865
3483,1053,917,791,1732
3484,965,878,677,1655
3485,1038,970,850,1759
3486,997,821,750,1764
3487,1028,888,780,1740
3488,975,782,752,1766
3489,1008,893,706,1656
3490,901,730,596,1681
3491,994,953,861,1658
3492,889,742,552,1588
3493,947,835,723,1754
3494,1107,970,907,1788
3495,938,780,690,1806
3496,1122,1085,959,1697
3497,959,775,690,1770
3498,1055,873,840,1796
3499,1017,853,792,1815
3500,943,844,706,1756
3501,1031,893,791,1701
3502,1128,904,887,1751
3503,1032,880,871,1801
3504,1028,903,874,1737
3505,1046,901,812,1785
3506,1047,980,875,1771
3507,962,847,772,1771
3508,949,811,654,1580
3509,1114,1005,872,1685
3510,971,875,700,1675
3511,1033,944,785,1675
3512,1118,980,870,1690
3513,1027,836,700,1593
3514,1064,965,824,1737
3515,1073,949,813,1693
3516,1088,968,873,1706
3517,968,836,787,1888
3518,1020,815,748,1706
3519,987,812,793,1841
3520,1061,1037,942,1906
3521,994,925,867,1866
3522,1127,1008,889,1788
3523,1069,933,970,1887
3524,1107,1074,938,1687
3525,1242,1137,1046,1724
3526,989,838,768,1710
3527,1211,1127,1104,1763
3528,1135,1080,991,1722
3529,1017,1014,837,1722
3530,1000,818,687,1659
3531,1092,1002,885,1741
3532,1113,1000,869,1710
3533,1127,1100,1034,1774
3534,1019,900,792,1730
3535,939,817,651,1798
3536,1044,976,831,1738
3537,1125,1090,999,1781
3538,1219,1071,968,1623
3539,1043,916,847,1725
3540,1009,922,737,1756
3541,1097,917,849,1800
3542,1079,1011,985,1778
3543,1025,867,774,1674
3544,997,872,855,1774
3545,1250,1214,1111,1705
3546,1075,968,829,1749
3547,1161,1051,966,1821
3548,1014,798,665,1691
3549,1087,980,868,1686
3550,1100,971,934,1823
3551,1297,1103,1123,1771
3552,1117,998,954,1750
3553,1017,883,776,1687
3554,1014,870,727,1642
3555,1132,1043,915,1734
3556,1173,1113,1076,1757
3557,1144,1050,1027,1784
3558,1072,965,798,1685
3559,1017,935,839,1742
3560,1066,966,888,1788
3561,1127,1103,891,1694
3562,1101,1007,998,1873
3563,1215,1122,1161,1843
3564,1057,955,767,1635
3565,1194,1123,1179,1833
3566,1127,995,1086,1919
3567,1277,1287,1329,1779
3568,1072,983,952,1825
3569,1041,973,878,1734
3570,1053,939,822,1663
3571,1088,1000,870,1718
3572,1080,893,954,1814
3573,1066,996,835,1760
3574,977,847,672,1631
3575,1149,1058,938,1740
3576,1106,988,913,1749
3577,1144,1029,947,1757
3578,1124,1062,964,1870
3579,971,793,720,1754
3580,948,805,666,1700
3581,1034,873,700,1683
3582,1056,931,767,1717
3583,969,835,785,1820
3584,1336,1223,1209,1705
3585,1233,1118,1100,1844
3586,1062,912,781,1727
3587,1015,866,761,1697
3588,986,844,723,1695
3589,987,860,820,1781
3590,1072,930,798,1784
3591,1024,898,779,1719
3592,1037,880,798,1757
3593,949,826,680,1744
3594,1254,1052,1096,1787
3595,1130,982,858,1733
3596,1077,1010,829,1698
3597,1174,1073,1162,1874
3598,999,887,774,1774
3599,1093,1024,989,1823
3600,1071,850,844,1753
3601,1106,870,851,1793
3602,1024,897,731,1679
3603,1038,948,776,1682
3604,994,789,754,1761
3605,1149,1010,963,1717
3606,1044,955,863,1755
3607,1180,985,928,1681
3608,1043,975,836,1800
3609,1265,1325,1369,1862
3610,1058,1026,861,1706
3611,1007,926,786,1788
3612,1177,1100,1055,1712
3613,950,825,693,1663
3614,953,800,683,1675
3615,888,729,587,1707
3616,999,850,712,1635
3617,1029,891,746,1694
3618,1223,1097,995,1740
3619,1068,938,847,1680
3620,1246,1110,1285,1885
3621,1074,953,830,1698
3622,994,893,881,1848
3623,1105,991,897,1697
3624,1082,897,862,1814
3625,1052,986,979,1819
3626,1022,917,868,1728
3627,986,731,693,1723
3628,1111,978,888,1808
3629,986,884,758,1786
3630,950,780,703,1696
3631,1005,845,743,1747
3632,1025,896,926,1775
3633,1053,991,903,1802
3634,1092,877,908,1891
3635,879,721,563,1665
3636,1282,1334,1336,1800
3637,1009,892,879,1793
3638,1064,953,839,1701
3639,985,800,769,1808
3640,1044,928,807,1765
3641,1272,1042,1121,1874
3642,970,794,676,1686
3643,1185,1117,1004,1676
3644,1072,908,781,1689
3645,979,800,709,1711
3646,932,783,790,1887
3647,932,785,688,1725
3648,989,799,748,1762
3649,992,865,746,1689
3650,1155,1062,945,1735
3651,1024,936,797,1708
3652,1076,943,877,1780
3653,1004,973,799,1783
3654,1105,965,900,1778
3655,1102,1015,943,1814
3656,1182,1063,933,1675
3657,1088,965,878,1733
3658,937,787,572,1605
3659,1202,1096,1079,1738
3660,1054,943,791,1711
3661,1097,930,780,1665
3662,1132,955,912,1812
3663,1224,1127,1166,1823
3664,1174,1140,1107,1801
3665,1143,1041,963,1750
3666,1158,1081,952,1686
3667,1176,1060,1055,1802
3668,1103,983,982,1820
3669,1137,1046,965,1757
3670,1108,1129,959,1780
3671,1032,882,767,1780
3672,1077,957,845,1682
3673,1173,1067,957,1711
3674,1104,931,809,1679
3675,1117,966,840,1674
3676,1024,931,843,1755
3677,1076,981,842,1706
3678,1058,924,870,1850
3679,949,814,649,1676
3680,1057,976,944,1908
3681,1082,1025,926,1825
3682,1217,1038,973,1799
3683,1016,939,810,1810
3684,1052,899,802,1792
3685,923,796,667,1722
3686,1056,937,840,1713
3687,1155,983,923,1775
3688,1110,845,887,1861
3689,1036,957,790,1660
3690,1237,1167,1102,1754
3691,1043,939,829,1762
3692,1068,1025,883,1724
3693,1177,1039,826,1627
3694,1158,1073,1074,1731
3695,992,900,750,1862
3696,1128,1100,1004,1834
3697,1287,1128,1264,1881
3698,1120,1042,957,1770
3699,1104,1028,894,1675
3700,1067,987,849,1721
3701,1126,1052,930,1673
3702,1218,1137,1193,1909
3703,1142,1080,1042,1750
3704,1086,1005,907,1780
3705,928,757,682,1840
3706,1089,932,902,1873
3707,1253,1147,1189,1780
3708,1176,1054,922,1768
3709,1151,950,1010,1821
3710,1123,953,796,1698
3711,1233,1120,1049,1690
3712,1117,1068,994,1773
3713,1079,958,859,1744
3714,988,788,729,1733
3715,932,808,696,1813
3716,1179,1165,1038,1834
3717,1045,950,944,1864
3718,1276,1300,1375,1885
3719,1067,976,853,1807
3720,1053,855,843,1800
3721,901,777,660,1725
3722,1136,1077,937,1748
3723,1146,1033,941,1763
3724,1024,961,770,1728
3725,1122,1118,937,1708
3726,942,786,673,1657
3727,1054,966,830,1740
3728,1063,907,783,1686
3729,1114,1025,900,1621
3730,945,795,673,1623
3731,1039,893,790,1629
3732,1177,1108,1015,1707
3733,916,736,574,1717
3734,946,890,765,1767
3735,1094,914,919,1847
3736,1024,851,797,1790
3737,961,841,731,1697
3738,1209,1176,1065,1758
3739,1053,908,675,1643
3740,1064,828,778,1753
3741,963,815,739,1759
3742,985,887,779,1748
3743,1268,1158,1207,1834
3744,956,836,719,1712
3745,1086,903,871,1787
3746,1242,1128,1034,1645
3747,1037,831,812,1755
3748,1035,832,807,1765
3749,922,763,664,1717
3750,1189,1068,1002,1749
3751,976,928,789,1758
3752,1057,1013,836,1604
3753,958,764,755,1746
3754,1067,968,885,1709
3755,1076,1063,835,1656
3756,1191,1140,1013,1684
3757,918,775,713,1781
3758,1029,853,776,1750
3759,1078,1030,902,1737
3760,949,840,794,1891
3761,1054,943,842,1788
3762,1112,1026,932,1718
3763,964,885,667,1640
3764,1208,1054,1043,1836
3765,1024,882,736,1604
3766,1058,917,809,1707
3767,1086,995,830,1681
3768,1043,927,802,1840
3769,871,758,606,1711
3770,1042,924,801,1807
3771,986,760,668,1739
3772,1041,1016,811,1703
3773,882,769,591,1770
3774,1117,1061,924,1747
3775,1170,1038,938,1848
3776,981,817,735,1788
3777,1128,968,885,1814
3778,1038,904,855,1754
3779,1053,954,839,1684
3780,914,815,678,1764
3781,1044,960,811,1729
3782,1065,976,930,1746
3783,1075,896,846,1688
3784,968,857,729,1729
3785,898,728,588,1835
3786,1175,1051,941,1739
3787,1147,1021,1003,1782
3788,1026,980,817,1745
3789,1066,876,804,1749
3790,1008,838,730,1720
3791,992,946,804,1735
3792,1048,911,849,1750
3793,1173,1080,1025,1772
3794,1046,882,864,1832
3795,1170,1076,1094,1850
3796,1086,916,882,1664
3797,1122,1101,936,1675
3798,1078,958,920,1807
3799,1087,944,862,1765
3800,1042,888,861,1792
3801,1203,1058,977,1795
3802,935,777,707,1753
3803,1106,882,969,1816
3804,1042,870,718,1600
3805,978,761,699,1655
3806,977,822,711,1608
3807,1098,1014,939,1753
3808,1088,907,859,1704
3809,1064,913,892,1887
3810,935,820,744,1784
3811,930,745,632,1778
3812,1063,855,913,1877
3813,966,795,716,1734
3814,1029,845,899,1808
3815,1004,872,859,1815
3816,1019,912,826,1793
3817,1065,917,911,1758
3818,1162,995,967,1772
3819,1055,957,789,1694
3820,976,822,733,1661
3821,1061,902,901,1730
3822,956,753,693,1653
3823,1068,960,817,1753
3824,1082,918,846,1740
3825,952,823,752,1711
3826,1142,972,944,1758
3827,948,843,693,1761
3828,1119,1063,872,1725
3829,1017,824,749,1702
3830,1074,970,899,1775
3831,1099,1023,862,1670
3832,1035,900,825,1768
3833,1042,933,803,1687
3834,1017,828,740,1700
3835,1171,1030,966,1749
3836,1088,986,879,1710
3837,986,821,757,1924
3838,1157,837,882,1729
3839,994,797,733,1713
3840,993,844,730,1737
3841,1208,1165,1142,1741
3842,1095,913,780,1635
3843,1187,1068,1019,1744
3844,1238,1147,1095,1745
3845,939,746,687,1744
3846,1196,1131,997,1733
3847,1135,1100,1021,1786
3848,1117,1083,950,1797
3849,1039,964,838,1824
3850,1174,1100,970,1648
3851,973,791,697,1627
3852,1147,1111,1012,1793
3853,873,771,625,1703
3854,1159,1054,1051,1810
3855,1044,894,898,1868
3856,1130,1002,914,1698
3857,1056,911,805,1720
3858,1004,907,770,1752
3859,1108,1010,980,1682
3860,1106,987,1020,1853
3861,1019,851,783,1777
3862,1056,901,801,1728
3863,1120,1014,912,1726
3864,1093,933,787,1651
3865,943,755,607,1674
3866,1023,837,798,1753
3867,1153,1066,1011,1721
3868,1042,946,890,1783
3869,962,830,690,1732
3870,974,771,684,1787
3871,1183,1092,1085,1766
3872,964,786,655,1723
3873,977,873,797,1757
3874,1017,933,845,1700
3875,853,720,578,1750
3876,1159,1036,962,1637
3877,1121,916,921,1773
3878,1253,1191,1093,1702
3879,1084,1002,890,1798
3880,1038,934,873,1796
3881,1017,901,768,1717
3882,1009,896,819,1718
3883,1044,850,821,1839
3884,990,830,691,1619
3885,1114,977,913,1790
3886,1066,920,882,1893
3887,1049,875,861,1807
3888,1171,1176,1083,1746
3889,952,900,718,1760
3890,1200,1175,1069,1823
3891,1106,1047,883,1673
3892,1083,950,862,1724
3893,1097,1100,1047,1757
3894,990,841,682,1649
3895,1087,935,877,1718
3896,1024,875,776,1789
3897,1032,877,753,1669
3898,1112,1016,924,1732
3899,1038,858,767,1846
3900,1011,850,839,1737
3901,1095,932,868,1706
3902,1144,1117,1108,1865
3903,976,800,762,1858
3904,1147,1000,968,1800
3905,931,831,711,1640
3906,1118,1110,1010,1761
3907,1083,1104,1012,1809
3908,1158,1056,870,1675
3909,1142,1066,979,1777
3910,1155,1127,1038,1818
3911,1066,984,891,1770
3912,996,846,746,1668
3913,1056,950,840,1740
3914,989,840,750,1790
3915,1263,1176,1106,1708
3916,989,905,727,1684
3917,1004,885,882,1828
3918,877,912,663,1682
3919,1062,971,852,1805
3920,981,846,734,1666
3921,974,835,687,1727
3922,1119,988,925,1828
3923,1020,897,762,1683
3924,1063,868,804,1709
3925,1128,1046,921,1696
3926,1021,901,914,1790
3927,994,805,796,1795
3928,972,792,746,1736
3929,930,830,726,1778
3930,915,808,687,1771
3931,1042,917,892,1845
3932,936,763,690,1738
3933,940,784,682,1710
3934,1088,945,757,1645
3935,1036,910,827,1700
3936,1001,907,801,1687
3937,1011,1020,930,1810
3938,953,906,760,1722
3939,1083,1033,950,1788
3940,914,815,691,1784
3941,1012,891,811,1780
3942,1067,865,847,1777
3943,983,856,730,1746
3944,1035,900,791,1775
3945,1136,1024,963,1774
3946,1238,1120,1049,1735
3947,1027,985,870,1748
3948,951,816,705,1704
3949,1172,1048,978,1728
3950,1183,1108,1039,1767
3951,1171,1096,969,1719
3952,975,854,783,1878
3953,1074,930,836,1703
3954,956,827,694,1726
3955,1144,1082,958,1703
3956,1129,988,945,1701
3957,1020,972,807,1788
3958,1068,1040,912,1797
3959,1038,967,850,1772
3960,1007,890,744,1657
3961,1076,1074,980,1786
3962,1081,938,926,1743
3963,1109,927,843,1751
3964,1023,895,782,1698
3965,1167,1098,969,1722
3966,1086,1001,869,1663
3967,1096,965,956,1813
3968,1037,995,876,1784
3969,1007,940,892,1854
3970,934,775,609,1653
3971,1060,988,796,1700
3972,1081,1058,981,1960
3973,993,862,742,1734
3974,1106,1042,955,1737
3975,1053,938,952,1838
3976,1125,998,848,1699
3977,1099,902,871,1805
3978,1158,1082,1041,1830
3979,908,780,662,1764
3980,1055,920,821,1724
3981,1047,961,844,1755
3982,1062,945,876,1818
3983,994,860,800,1808
3984,1130,949,984,1917
3985,955,810,787,1771
3986,1097,939,952,1803
3987,899,732,676,1792
3988,973,825,683,1756
3989,1038,868,841,1780
3990,1016,952,828,1792
3991,1083,948,937,1863
3992,1158,1090,1060,1820
3993,1066,880,869,1798
3994,1014,915,853,1913
3995,1034,853,753,1691
3996,1089,955,933,1822
3997,1053,978,849,1718
3998,1116,960,957,1789
3999,1014,816,755,1674
4000,1077,951,773,1692
4001,1010,810,735,1804
4002,1018,885,849,1800
4003,1099,1003,1010,1862
4004,1032,935,741,1667
4005,1054,887,773,1633
4006,1126,1026,833,1673
4007,1032,908,945,1896
4008,1133,1077,984,1826
4009,1041,940,746,1680
4010,1048,960,917,1799
4011,1087,936,883,1793
4012,1154,1048,1016,1820
4013,927,755,670,1788
4014,990,830,726,1708
4015,1242,1112,1185,1872
4016,1041,875,829,1897
4017,958,950,786,1739
4018,994,826,781,1706
4019,962,822,713,1749
4020,1024,890,831,1721
4021,1047,880,771,1838
4022,994,975,731,1714
4023,1043,825,775,1683
4024,1012,846,727,1688
4025,1020,860,758,1696
4026,1060,915,898,1780
4027,1321,1302,1346,1812
4028,1086,825,870,1748
4029,945,864,670,1670
4030,1005,900,847,1811
4031,1172,1070,1013,1781
4032,987,908,802,1764
4033,937,808,697,1661
4034,1076,955,947,1737
4035,1027,830,791,1702
4036,996,771,736,1636
4037,1143,955,855,1709
4038,1147,1065,1036,1710
4039,1024,866,759,1669
4040,1098,990,932,1790
4041,1128,1048,955,1792
4042,959,833,661,1696
4043,1101,987,936,1784
4044,1094,992,865,1767
4045,1062,958,784,1666
4046,963,836,724,1721
4047,1007,892,737,1644
4048,1077,976,838,1724
4049,1093,976,792,1646
4050,973,911,700,1771
4051,1078,999,886,1781
4052,1032,821,703,1700
4053,1016,835,750,1780
4054,1147,995,953,1758
4055,1028,877,785,1818
4056,1101,1019,980,1703
4057,964,890,717,1706
4058,968,730,642,1726
4059,1044,823,784,1763
4060,1010,948,734,1652
4061,1088,1080,1000,1805
4062,1064,941,962,1874
4063,1031,895,809,1816
4064,1010,906,791,1740
4065,953,834,680,1681
4066,969,804,656,1655
4067,1012,949,841,1763
4068,884,722,588,1746
4069,969,852,738,1733
4070,934,774,672,1757
4071,907,826,620,1567
4072,957,807,737,1703
4073,1086,870,848,1718
4074,925,835,792,1871
4075,1054,1051,858,1728
4076,1003,947,848,1788
4077,954,816,675,1688
4078,1072,978,896,1765
4079,1045,991,832,1690
4080,984,783,731,1718
4081,1144,1080,985,1828
